15
1 2 104.809
1 3 130.553
1 4 127.534
1 5 129.495
1 6 51.1957
1 7 151.714
1 8 154.467
1 9 176.819
1 10 133.015
1 11 135.248
1 12 135.831
1 13 162.936
1 14 105.38
1 15 31.0483
2 1 104.809
2 3 26.0192
2 4 41.7612
2 5 106.405
2 6 100.09
2 7 56.7274
2 8 103.019
2 9 220.617
2 10 43.8634
2 11 121.742
2 12 109.731
2 13 109.073
2 14 151.4
2 15 134.093
3 1 130.553
3 2 26.0192
3 4 43.3244
3 5 119.269
3 6 124.92
3 7 45.3542
3 8 107.703
3 9 240.36
3 10 41.7732
3 11 135.351
3 12 121.433
3 13 112.178
3 14 173.416
3 15 160.05
4 1 127.534
4 2 41.7612
4 3 43.3244
4 5 77.9872
4 6 105.043
4 7 25.1794
4 8 64.5368
4 9 204.157
4 10 6
4 11 94.2603
4 12 79.404
4 13 69.4622
4 14 142.443
4 15 152.778
5 1 129.495
5 2 106.405
5 3 119.269
5 4 77.9872
5 6 82.2192
5 7 94.4034
5 8 37.2156
5 9 130.146
5 10 82.0366
5 11 16.2788
5 12 6.40312
5 13 44.1475
5 14 82.3893
5 15 140.858
6 1 51.1957
6 2 100.09
6 3 124.92
6 4 105.043
6 5 82.2192
6 7 130.138
6 8 112.414
6 9 134.648
6 10 111.041
6 11 85.5862
6 12 88.6172
6 13 120.801
6 14 60.8276
6 15 58.6941
7 1 151.714
7 2 56.7274
7 3 45.3542
7 4 25.1794
7 5 94.4034
7 6 130.138
7 8 71.5612
7 9 223.647
7 10 19.2354
7 11 110.422
7 12 94.3663
7 13 73.7902
7 14 165.13
7 15 177.609
8 1 154.467
8 2 103.019
8 3 107.703
8 4 64.5368
8 5 37.2156
8 6 112.414
8 7 71.5612
8 9 162.865
8 10 66.0984
8 11 48.6621
8 12 33.0151
8 13 8.48528
8 14 119.604
8 15 170.552
9 1 176.819
9 2 220.617
9 3 240.36
9 4 204.157
9 5 130.146
9 6 134.648
9 7 223.647
9 8 162.865
9 10 209.122
9 11 115.156
9 12 131.7
9 13 166.76
9 14 73.8241
9 15 162.496
10 1 133.015
10 2 43.8634
10 3 41.7732
10 4 6
10 5 82.0366
10 6 111.041
10 7 19.2354
10 8 66.0984
10 9 209.122
10 11 98.3107
10 12 83.0963
10 13 70.406
10 14 148.061
10 15 158.521
11 1 135.248
11 2 121.742
11 3 135.351
11 4 94.2603
11 5 16.2788
11 6 85.5862
11 7 110.422
11 8 48.6621
11 9 115.156
11 10 98.3107
11 12 16.5529
11 13 54.037
11 14 73.7631
11 15 143.22
12 1 135.831
12 2 109.731
12 3 121.433
12 4 79.404
12 5 6.40312
12 6 88.6172
12 7 94.3663
12 8 33.0151
12 9 131.7
12 10 83.0963
12 11 16.5529
12 13 39.3192
12 14 86.977
12 15 147.248
13 1 162.936
13 2 109.073
13 3 112.178
13 4 69.4622
13 5 44.1475
13 6 120.801
13 7 73.7902
13 8 8.48528
13 9 166.76
13 10 70.406
13 11 54.037
13 12 39.3192
13 14 126.289
13 15 178.997
14 1 105.38
14 2 151.4
14 3 173.416
14 4 142.443
14 5 82.3893
14 6 60.8276
14 7 165.13
14 8 119.604
14 9 73.8241
14 10 148.061
14 11 73.7631
14 12 86.977
14 13 126.289
14 15 96.8762
15 1 31.0483
15 2 134.093
15 3 160.05
15 4 152.778
15 5 140.858
15 6 58.6941
15 7 177.609
15 8 170.552
15 9 162.496
15 10 158.521
15 11 143.22
15 12 147.248
15 13 178.997
15 14 96.8762
