11
1 2 1327.12
1 3 1076.24
1 4 1923.16
1 5 664.447
1 6 792.168
1 7 155.878
1 8 1971.81
1 9 1773.41
1 10 665.884
1 11 799.903
2 1 1327.12
2 3 456.344
2 4 830.952
2 5 1251.89
2 6 1007.99
2 7 1231.42
2 8 932.121
2 9 675.962
2 10 1362.55
2 11 812.597
3 1 1076.24
3 2 456.344
3 4 849.291
3 5 1237.23
3 6 1065.79
3 7 946.146
3 8 1382.32
3 9 697.37
3 10 944.072
3 11 384.541
4 1 1923.16
4 2 830.952
4 3 849.291
4 5 2032.06
4 6 1813.84
4 7 1787.78
4 8 1488.09
4 9 160.963
4 10 1666.03
4 11 1163.48
5 1 664.447
5 2 1251.89
5 3 1237.23
5 4 2032.06
5 6 278.46
5 7 750.989
5 8 1572.29
5 9 1871.16
5 10 1277.25
5 11 1155.4
6 1 792.168
6 2 1007.99
6 3 1065.79
6 4 1813.84
6 5 278.46
6 7 830.067
6 8 1299.75
6 9 1653.24
6 10 1311
6 11 1067.03
7 1 155.878
7 2 1231.42
7 3 946.146
7 4 1787.78
7 5 750.989
7 6 830.067
7 8 1933.16
7 9 1640.82
7 10 535.28
7 11 650.158
8 1 1971.81
8 2 932.121
8 3 1382.32
8 4 1488.09
8 5 1572.29
8 6 1299.75
8 7 1933.16
8 9 1387.06
8 10 2215.17
8 11 1703.1
9 1 1773.41
9 2 675.962
9 3 697.37
9 4 160.963
9 5 1871.16
9 6 1653.24
9 7 1640.82
9 8 1387.06
9 10 1546.92
9 11 1027.59
10 1 665.884
10 2 1362.55
10 3 944.072
10 4 1666.03
10 5 1277.25
10 6 1311
10 7 535.28
10 8 2215.17
10 9 1546.92
10 11 559.721
11 1 799.903
11 2 812.597
11 3 384.541
11 4 1163.48
11 5 1155.4
11 6 1067.03
11 7 650.158
11 8 1703.1
11 9 1027.59
11 10 559.721
