12
1 2 1221.2
1 3 314.339
1 4 2013.86
1 5 424.721
1 6 1117.58
1 7 1007.41
1 8 838.401
1 9 639.691
1 10 1542.57
1 11 513.124
1 12 1358.23
2 1 1221.2
2 3 1051.17
2 4 1205.24
2 5 818.648
2 6 202.467
2 7 718.411
2 8 966.433
2 9 740.13
2 10 1923.65
2 11 1044.31
2 12 340.931
3 1 314.339
3 2 1051.17
3 4 2008.04
3 5 412.54
3 6 909.869
3 7 1038.56
3 8 958.489
3 9 666.277
3 10 1789.26
3 11 682.731
3 12 1122.77
4 1 2013.86
4 2 1205.24
4 3 2008.04
4 5 1616.88
4 6 1403.41
4 7 1008.18
4 8 1246.47
4 9 1376.05
4 10 1661.87
4 11 1560.8
4 12 1486.55
5 1 424.721
5 2 818.648
5 3 412.54
5 4 1616.88
5 6 748.128
5 7 629.235
5 8 560.286
5 9 254.055
5 10 1470.28
5 11 352.732
5 12 1008.12
6 1 1117.58
6 2 202.467
6 3 909.869
6 4 1403.41
6 5 748.128
6 7 812.05
6 8 1015.22
6 9 734.967
6 10 1996.42
6 11 1027.49
6 12 267.03
7 1 1007.41
7 2 718.411
7 3 1038.56
7 4 1008.18
7 5 629.235
7 6 812.05
7 8 306.544
7 9 377.18
7 10 1206.18
7 11 565.234
7 12 1048.09
8 1 838.401
8 2 966.433
8 3 958.489
8 4 1246.47
8 5 560.286
8 6 1015.22
8 7 306.544
8 9 342.835
8 10 986.827
8 11 332.415
8 12 1272.45
9 1 639.691
9 2 740.13
9 3 666.277
9 4 1376.05
9 5 254.055
9 6 734.967
9 7 377.18
9 8 342.835
9 10 1313.38
9 11 304.559
9 12 1001.43
10 1 1542.57
10 2 1923.65
10 3 1789.26
10 4 1661.87
10 5 1470.28
10 6 1996.42
10 7 1206.18
10 8 986.827
10 9 1313.38
10 11 1124.14
10 12 2246.68
11 1 513.124
11 2 1044.31
11 3 682.731
11 4 1560.8
11 5 352.732
11 6 1027.49
11 7 565.234
11 8 332.415
11 9 304.559
11 10 1124.14
11 12 1294.47
12 1 1358.23
12 2 340.931
12 3 1122.77
12 4 1486.55
12 5 1008.12
12 6 267.03
12 7 1048.09
12 8 1272.45
12 9 1001.43
12 10 2246.68
12 11 1294.47
