107
1 2 972.69
1 3 2138.52
1 4 496.679
1 5 1696.34
1 6 1797.77
1 7 1355.59
1 8 333.918
1 9 113.741
1 10 437.389
1 11 818.198
1 12 1071.07
1 13 1640.25
1 14 763.959
1 15 1232
1 16 1138.04
1 17 2037.96
1 18 1387.26
1 19 1092.75
1 20 1805.01
1 21 550.314
1 22 292.031
1 23 879.205
1 24 1566.56
1 25 1979.3
1 26 1310.2
1 27 1782.02
1 28 831.082
1 29 1966.54
1 30 1694.03
1 31 540.156
1 32 1665.93
1 33 1780.15
1 34 1402.17
1 35 1648.48
1 36 667.519
1 37 1643.56
1 38 1654.25
1 39 1711.06
1 40 883.426
1 41 546.996
1 42 1277.82
1 43 1697.18
1 44 1183.02
1 45 2310.83
1 46 2315.2
1 47 907.202
1 48 1847.44
1 49 1557.11
1 50 1256.36
1 51 1894.15
1 52 1736.48
1 53 1642.26
1 54 1623.88
1 55 1710.41
1 56 1425.24
1 57 139.205
1 58 610.092
1 59 1706.11
1 60 832.351
1 61 1503.94
1 62 1753.65
1 63 416.736
1 64 1708
1 65 2402.22
1 66 855.767
1 67 1636.79
1 68 409.225
1 69 1750.25
1 70 1596.28
1 71 990.19
1 72 1406.95
1 73 1018.62
1 74 779
1 75 1049.9
1 76 1537.87
1 77 1823.89
1 78 1248.26
1 79 1662.81
1 80 1660.8
1 81 770.756
1 82 1314.73
1 83 593.709
1 84 933.639
1 85 709.048
1 86 795.01
1 87 1788.35
1 88 1792.6
1 89 1549.09
1 90 963.419
1 91 2060.17
1 92 941.76
1 93 1045.89
1 94 1559.66
1 95 1033.81
1 96 1398.45
1 97 1582.57
1 98 1325.7
1 99 1158.71
1 100 1609.23
1 101 1479.85
1 102 1702.06
1 103 683.942
1 104 2086.98
1 105 405.251
1 106 809.877
1 107 1504.12
2 1 972.69
2 3 1531.43
2 4 925.27
2 5 1349.88
2 6 1584.29
2 7 938.094
2 8 666.149
2 9 1015.77
2 10 1100.31
2 11 883.19
2 12 177.73
2 13 1216.83
2 14 516.085
2 15 424.708
2 16 1119.89
2 17 1187.7
2 18 849.236
2 19 366.067
2 20 1894.59
2 21 451.774
2 22 1091.47
2 23 1203.99
2 24 1665.8
2 25 1740.73
2 26 1156.53
2 27 1866.65
2 28 351.49
2 29 1246.74
2 30 1827.46
2 31 635.541
2 32 927.567
2 33 1376.21
2 34 612.464
2 35 1250.58
2 36 318.311
2 37 719.503
2 38 844.297
2 39 794.363
2 40 375.373
2 41 650.122
2 42 823.511
2 43 1229
2 44 316.787
2 45 1608.84
2 46 1678.3
2 47 319.176
2 48 1082.02
2 49 929.841
2 50 1464.55
2 51 1371.23
2 52 1353.42
2 53 1303.54
2 54 746.371
2 55 752.772
2 56 460.479
2 57 1015.09
2 58 438.416
2 59 764.87
2 60 949.852
2 61 1430.86
2 62 1755.31
2 63 558.802
2 64 1192.12
2 65 1716.95
2 66 573.363
2 67 667.083
2 68 793.095
2 69 1670.57
2 70 877.243
2 71 1187.14
2 72 519.648
2 73 528.564
2 74 980.404
2 75 77.4145
2 76 626.224
2 77 1389.1
2 78 619.04
2 79 725.844
2 80 803.736
2 81 611.732
2 82 503.08
2 83 961.246
2 84 1092.39
2 85 440.438
2 86 234.828
2 87 824.087
2 88 1599.44
2 89 1641.97
2 90 895.511
2 91 1707.55
2 92 820.671
2 93 792.902
2 94 1365.47
2 95 800.396
2 96 425.793
2 97 737.317
2 98 1017.4
2 99 1199.4
2 100 1382.81
2 101 1487.68
2 102 1664.72
2 103 812.914
2 104 1341.07
2 105 735.307
2 106 202.233
2 107 885.037
3 1 2138.52
3 2 1531.43
3 4 1722.79
3 5 603.697
3 6 798.965
3 7 789.864
3 8 1989.22
3 9 2100.29
3 10 1919.02
3 11 1384.09
3 12 1354.16
3 13 551.318
3 14 1387.54
3 15 1107.42
3 16 1181.59
3 17 688.448
3 18 756.89
3 19 1184.49
3 20 1373.55
3 21 1670.94
3 22 2037.65
3 23 1579.13
3 24 1318.81
3 25 776.534
3 26 986.197
3 27 1355.25
3 28 1384.43
3 29 355.186
3 30 1417.59
3 31 1599.23
3 32 621.097
3 33 490.16
3 34 927.164
3 35 568.902
3 36 1749.66
3 37 1718.79
3 38 752.598
3 39 997.018
3 40 1323.6
3 41 1591.62
3 42 860.712
3 43 473.719
3 44 1710.08
3 45 277.651
3 46 181.4
3 47 1333.06
3 48 529.909
3 49 612.968
3 50 1443.38
3 51 276.091
3 52 537.944
3 53 637.295
3 54 919.318
3 55 1186.04
3 56 1500.16
3 57 2080.35
3 58 1894.51
3 59 1669.67
3 60 1407.46
3 61 1035.03
3 62 1187.65
3 63 1869.29
3 64 438
3 65 308.058
3 66 1287.03
3 67 1464.18
3 68 1740.74
3 69 1036.23
3 70 658.478
3 71 1431.38
3 72 1743.61
3 73 1146.81
3 74 1484.8
3 75 1505.28
3 76 1053.6
3 77 427.37
3 78 945.049
3 79 1089.51
3 80 849.108
3 81 1368.08
3 82 1034.34
3 83 1656.68
3 84 1404.79
3 85 1468.74
3 86 1741.51
3 87 1548.88
3 88 835.304
3 89 1304.15
3 90 1232.08
3 91 558.746
3 92 1224.41
3 93 1103.09
3 94 853.841
3 95 1117.99
3 96 1408.13
3 97 872.207
3 98 858.511
3 99 1233.99
3 100 797.051
3 101 1157.37
3 102 1104.44
3 103 1489.59
3 104 368.631
3 105 1734.18
3 106 1519.39
3 107 663.871
4 1 496.679
4 2 925.27
4 3 1722.79
4 5 1229.77
4 6 1307.91
4 7 933.887
4 8 592.156
4 9 415.39
4 10 212.822
4 11 345.036
4 12 939.571
4 13 1194.81
4 14 480.551
4 15 1004.95
4 16 646.31
4 17 1745.92
4 18 1003.82
4 19 864.506
4 20 1319.35
4 21 502.021
4 22 315.449
4 23 404.148
4 24 1077.94
4 25 1489.13
4 26 827.916
4 27 1295.35
4 28 629.063
4 29 1604.71
4 30 1212.82
4 31 289.995
4 32 1335.79
4 33 1322.4
4 34 1132.17
4 35 1195.99
4 36 729.642
4 37 1644.43
4 38 1364.38
4 39 1495.99
4 40 654.049
4 41 276.538
4 42 880.082
4 43 1260.48
4 44 1220.03
4 45 1924.85
4 46 1903.43
4 47 704.314
4 48 1516.11
4 49 1187.85
4 50 775.872
4 51 1462.43
4 52 1275.97
4 53 1176.59
4 54 1382.43
4 55 1549.03
4 56 1371.79
4 57 389.59
4 58 773.249
4 59 1685.84
4 60 343.908
4 61 1008.26
4 62 1259.01
4 63 557.66
4 64 1284.95
4 65 2006.05
4 66 521.939
4 67 1560.78
4 68 160.078
4 69 1253.61
4 70 1263.7
4 71 497.016
4 72 1439.06
4 73 705.099
4 74 283.72
4 75 995.519
4 76 1333.63
4 77 1371.53
4 78 928.194
4 79 1473.87
4 80 1400.81
4 81 426.71
4 82 1072.54
4 83 98.0204
4 84 436.973
4 85 502.077
4 86 858.189
4 87 1725.27
4 88 1300.95
4 89 1059.4
4 90 498.362
4 91 1583.33
4 92 498.383
4 93 622.887
4 94 1073.02
4 95 606.736
4 96 1313.06
4 97 1322.41
4 98 875.247
4 99 662.439
4 100 1125.32
4 101 983.497
4 102 1205.62
4 103 235.529
4 104 1731.09
4 105 220.731
4 106 723.279
4 107 1137.53
5 1 1696.34
5 2 1349.88
5 3 603.697
5 4 1229.77
5 6 287.939
5 7 413.697
5 8 1623.06
5 9 1636.36
5 10 1403.89
5 11 885.85
5 12 1194.19
5 13 160.431
5 14 1019.62
5 15 985.382
5 16 617.122
5 17 1055.69
5 18 515.461
5 19 987.361
5 20 831.697
5 21 1323.6
5 22 1541.46
5 23 1011.69
5 24 731.072
5 25 401.155
5 26 416.587
5 27 808.755
5 28 1085.55
5 29 720.731
5 30 849.72
5 31 1183.55
5 32 718.178
5 33 114.162
5 34 877.976
5 35 114.403
5 36 1469.76
5 37 1781.94
5 38 868.337
5 39 1154.94
5 40 1030.44
5 41 1170.78
5 42 527.755
5 43 213.354
5 44 1613.23
5 45 872.571
5 46 773.514
5 47 1065.17
5 48 786.36
5 49 540.37
5 50 840.61
5 51 337.004
5 52 65.9242
5 53 54.231
5 54 1027.64
5 55 1331.3
5 56 1503.82
5 57 1612.77
5 58 1605.71
5 59 1760.76
5 60 889.807
5 61 433.448
5 62 641.221
5 63 1515.41
5 64 296.071
5 65 911.29
5 66 911.548
5 67 1553.48
5 68 1287.11
5 69 493.447
5 70 691.339
5 71 859.084
5 72 1722.53
5 73 843.002
5 74 961.25
5 75 1354.77
5 76 1116.22
5 77 176.819
5 78 743.487
5 79 1218.31
5 80 978.064
5 81 964.963
5 82 950.404
5 83 1148.43
5 84 850.779
5 85 1122.03
5 86 1507.19
5 87 1685.2
5 88 318.944
5 89 713.959
5 90 734.932
5 91 374.787
5 92 755.774
5 93 668.18
5 94 250.545
5 95 675.785
5 96 1404.47
5 97 949.525
5 98 378.725
5 99 652.854
5 100 196.163
5 101 556.987
5 102 544.861
5 103 1013.83
5 104 825.921
5 105 1297.53
5 106 1260
5 107 551.928
6 1 1797.77
6 2 1584.29
6 3 798.965
6 4 1307.91
6 5 287.939
6 7 653.342
6 8 1774.1
6 9 1723.24
6 10 1452.85
6 11 981.878
6 12 1439.47
6 13 447.626
6 14 1196.02
6 15 1246.85
6 16 661.635
6 17 1331.61
6 18 781.41
6 19 1231.07
6 20 576.223
6 21 1494.98
6 22 1603.96
6 23 1011.75
6 24 538.075
6 25 181.532
6 26 493.463
6 27 556.938
6 28 1289.99
6 29 985.614
6 30 620.181
6 31 1322.9
6 32 1006.05
6 33 355.983
6 34 1154.96
6 35 401.005
6 36 1666.31
6 37 2058.33
6 38 1156.2
6 39 1442.57
6 40 1240.13
6 41 1307.49
6 42 765.988
6 43 498.258
6 44 1863.52
6 45 1076.62
6 46 943.49
6 47 1282.61
6 48 1067.7
6 49 826.552
6 50 744.033
6 51 572.151
6 52 331.995
6 53 311.014
6 54 1314.47
6 55 1617.81
6 56 1775.04
6 57 1697.49
6 58 1794.52
6 59 2040.53
6 60 965.9
6 61 328.466
6 62 388.765
6 63 1676.37
6 64 580.022
6 65 1091.59
6 66 1091.47
6 67 1834.63
6 68 1395.07
6 69 237.304
6 70 978.783
6 71 861.501
6 72 1986.72
6 73 1060.6
6 74 1025.09
6 75 1597.62
6 76 1399.53
6 77 405.791
6 78 999.817
6 79 1504.71
6 80 1265.74
6 81 1125.5
6 82 1220.04
6 83 1216.32
6 84 884.617
6 85 1303.17
6 86 1719.99
6 87 1969.39
6 88 36.4966
6 89 527.834
6 90 847.245
6 91 332.71
6 92 890.214
6 93 837.194
6 94 241.847
6 95 839.001
6 96 1676.05
6 97 1235.73
6 98 569.213
6 99 658.639
6 100 205.477
6 101 422.565
6 102 308.016
6 103 1119.83
6 104 1079.62
6 105 1417.3
6 106 1471.91
6 107 834.79
7 1 1355.59
7 2 938.094
7 3 789.864
7 4 933.887
7 5 413.697
7 6 653.342
7 8 1239.53
7 9 1312.33
7 10 1133.61
7 11 599.921
7 12 787.36
7 13 300.568
7 14 628.792
7 15 596.866
7 16 478.026
7 17 937.307
7 18 160.59
7 19 579.128
7 20 1069.14
7 21 929.731
7 22 1248.22
7 23 842.945
7 24 886.585
7 25 803.2
7 26 348.21
7 27 1041.95
7 28 675.992
7 29 702.699
7 30 1040.84
7 31 820.87
7 32 516.109
7 33 457.773
7 34 533.835
7 35 324.002
7 36 1060.87
7 37 1421.61
7 38 625.182
7 39 882.37
7 40 619.359
7 41 811.321
7 42 114.586
7 43 344.42
7 44 1210.53
7 45 995.904
7 46 969.965
7 47 652.019
7 48 665.869
7 49 316.078
7 50 839.993
7 51 538.577
7 52 425.978
7 53 365.779
7 54 745.268
7 55 1032.51
7 56 1131.33
7 57 1291.8
7 58 1199.31
7 59 1412.15
7 60 631.368
7 61 584.563
7 62 896.8
7 63 1126.06
7 64 353.617
7 65 1073.2
7 66 521.694
7 67 1212.67
7 68 953.111
7 69 780.208
7 70 455.798
7 71 712.853
7 72 1335.89
7 73 430.785
7 74 709.662
7 75 946.666
7 76 796.018
7 77 487.083
7 78 348.692
7 79 921.66
7 80 717.242
7 81 591.151
7 82 579.652
7 83 871.526
7 84 660.439
7 85 724.995
7 86 1094
7 87 1359.52
7 88 672.574
7 89 863.521
7 90 452.239
7 91 781.731
7 92 435.886
7 93 313.345
7 94 459.437
7 95 328.125
7 96 1033.46
7 97 663.21
7 98 141.152
7 99 558.162
7 100 460.896
7 101 684.98
7 102 796.81
7 103 699.929
7 104 830.414
7 105 950.342
7 106 847.369
7 107 284.903
8 1 333.918
8 2 666.149
8 3 1989.22
8 4 592.156
8 5 1623.06
8 6 1774.1
8 7 1239.53
8 9 414.121
8 10 649.426
8 11 813.63
8 12 789.73
8 13 1538.39
8 14 610.85
8 15 984.99
8 16 1144.07
8 17 1797.56
8 18 1233.66
8 19 856.552
8 20 1886.35
8 21 318.675
8 22 556.655
8 23 993.328
8 24 1642.45
8 25 1953.05
8 26 1281.67
8 27 1860.89
8 28 612.514
8 29 1773.82
8 30 1786.86
8 31 452.206
8 32 1459.31
8 33 1690.62
8 34 1169.19
8 35 1555.63
8 36 349.445
8 37 1313.02
8 38 1422.59
8 39 1439.28
8 40 672.269
8 41 468.615
8 42 1143.48
8 43 1582.64
8 44 852.002
8 45 2130.46
8 46 2158.53
8 47 677.207
8 48 1635.97
8 49 1383.52
8 50 1355.67
8 51 1767.9
8 52 1652.38
8 53 1569.25
8 54 1366.98
8 55 1417.09
8 56 1105.98
8 57 425.973
8 58 276.226
8 59 1377.78
8 60 852.763
8 61 1516.03
8 62 1802.76
8 63 123.069
8 64 1577.79
8 65 2229.28
8 66 717.909
8 67 1319.48
8 68 438.946
8 69 1771.01
8 70 1393.9
8 71 1064.19
8 72 1074.74
8 73 842.426
8 74 826.439
8 75 741.556
8 76 1266.17
8 77 1725.43
8 78 1055.6
8 79 1381.09
8 80 1412.28
8 81 658.144
8 82 1070.92
8 83 682.001
8 84 985.942
8 85 520.999
8 86 468.241
8 87 1466.55
8 88 1775.74
8 89 1621.97
8 90 929.715
8 91 1997.08
8 92 884.025
8 93 955.031
8 94 1532.33
8 95 948.314
8 96 1087.77
8 97 1336.7
8 98 1244.38
8 99 1188.57
8 100 1573.19
8 101 1519.28
8 102 1735.66
8 103 676.849
8 104 1887.04
8 105 390.006
8 106 533.67
8 107 1330.76
9 1 113.741
9 2 1015.77
9 3 2100.29
9 4 415.39
9 5 1636.36
9 6 1723.24
9 7 1312.33
9 8 414.121
9 10 328.344
9 11 751.588
9 12 1098.22
9 13 1589.47
9 14 747.461
9 15 1240.23
9 16 1061.68
9 17 2036.56
9 18 1356.4
9 19 1098.42
9 20 1706.7
9 21 574.625
9 22 178.519
9 23 780.877
9 24 1470.27
9 25 1904.5
9 26 1240.99
9 27 1684.25
9 28 836.029
9 29 1945.3
9 30 1594
9 31 515.909
9 32 1652.31
9 33 1724.48
9 34 1402.1
9 35 1594.81
9 36 724.017
9 37 1704.92
9 38 1651.28
9 39 1726.95
9 40 883.817
9 41 518.868
9 42 1241.73
9 43 1650.01
9 44 1246.82
9 45 2283.12
9 46 2278.76
9 47 914.399
9 48 1834.49
9 49 1531.65
9 50 1157.29
9 51 1849.44
9 52 1679.46
9 53 1582.62
9 54 1632.81
9 55 1738.64
9 56 1473.99
9 57 28.0179
9 58 685.438
9 59 1763.82
9 60 758.169
9 61 1422.24
9 62 1661.99
9 63 474.934
9 64 1665.92
9 65 2371.35
9 66 830.376
9 67 1682.8
9 68 359.547
9 69 1664.94
9 70 1581.53
9 71 899.098
9 72 1472.31
9 73 1002.19
9 74 698.892
9 75 1093.16
9 76 1554.92
9 77 1770.68
9 78 1233.71
9 79 1684.43
9 80 1665.45
9 81 740.072
9 82 1320.46
9 83 509.086
9 84 848.685
9 85 707.587
9 86 856.286
9 87 1838.08
9 88 1716.33
9 89 1453.48
9 90 901.431
9 91 1995.06
9 92 887.564
9 93 999.604
9 94 1487.72
9 95 986.081
9 96 1440.32
9 97 1586.58
9 98 1271.76
9 99 1075.95
9 100 1539.28
9 101 1391.84
9 102 1614.05
9 103 623.315
9 104 2067.96
9 105 372.662
9 106 839.869
9 107 1479.1
10 1 437.389
10 2 1100.31
10 3 1919.02
10 4 212.822
10 5 1403.89
10 6 1452.85
10 7 1133.61
10 8 649.426
10 9 328.344
10 11 534.948
10 12 1132.83
10 13 1382.49
10 14 687.913
10 15 1213.07
10 16 798.038
10 17 1958.7
10 18 1211.57
10 19 1071.52
10 20 1387.21
10 21 655.857
10 22 161.793
10 23 466.974
10 24 1154.72
10 25 1631.88
10 26 991.88
10 27 1365.64
10 28 828.015
10 29 1813.04
10 30 1272.23
10 31 478.506
10 32 1547.71
10 33 1501.97
10 34 1344.16
10 35 1379.9
10 36 867.231
10 37 1818.46
10 38 1577.18
10 39 1705.32
10 40 858.031
10 41 469.027
10 42 1086.28
10 43 1451.64
10 44 1379.87
10 45 2128.15
10 46 2100.2
10 47 905.318
10 48 1727.64
10 49 1396.65
10 50 838.32
10 51 1654.24
10 52 1454.1
10 53 1351.94
10 54 1593.45
10 55 1752.69
10 56 1555.44
10 57 300.648
10 58 880.355
10 59 1865.06
10 60 516.382
10 61 1137.93
10 62 1354.2
10 63 654.489
10 64 1481.15
10 65 2206.8
10 66 734.363
10 67 1750.64
10 68 307.519
10 69 1370.23
10 70 1475.62
10 71 600.443
10 72 1603.29
10 73 917.59
10 74 442.764
10 75 1173.8
10 76 1541.31
10 77 1554
10 78 1141
10 79 1680.54
10 80 1612.87
10 81 638.88
10 82 1282.49
10 83 262.376
10 84 568.401
10 85 697.207
10 86 1001.41
10 87 1913.74
10 88 1441.83
10 89 1139.21
10 90 687.293
10 91 1745.1
10 92 698.316
10 93 826.582
10 94 1226.59
10 95 809.589
10 96 1502.58
10 97 1534.35
10 98 1064.12
10 99 794.703
10 100 1282.44
10 101 1093.31
10 102 1313.88
10 103 443.654
10 104 1939.86
10 105 365.301
10 106 901.369
10 107 1346.89
11 1 818.198
11 2 883.19
11 3 1384.09
11 4 345.036
11 5 885.85
11 6 981.878
11 7 599.921
11 8 813.63
11 9 751.588
11 10 534.948
11 12 830.957
11 13 850.677
11 14 367.234
11 15 811.145
11 16 331.545
11 17 1467.55
11 18 690.248
11 19 688.758
11 20 1086.68
11 21 586.502
11 22 659.577
11 23 337.902
11 24 843.772
11 25 1163.31
11 26 492.042
11 27 1060.15
11 28 533.339
11 29 1289.63
11 30 997.101
11 31 367.789
11 32 1044.76
11 33 977.424
11 34 893.271
11 35 851.076
11 36 805.924
11 37 1567.5
11 38 1098.7
11 39 1275.77
11 40 524.605
11 41 349.515
11 42 562.125
11 43 917.894
11 44 1199.66
11 45 1595.68
11 46 1565.26
11 47 584.739
11 48 1219.49
11 49 877.046
11 50 592.976
11 51 1120.32
11 52 931.152
11 53 832.409
11 54 1149.27
11 55 1363.6
11 56 1273.99
11 57 727.496
11 58 901.521
11 59 1592.02
11 60 67.7422
11 61 704.254
11 62 990.79
11 63 733.393
11 64 946.205
11 65 1672.61
11 66 328.71
11 67 1434.62
11 68 413.189
11 69 958.353
11 70 973.557
11 71 305
11 72 1396.73
11 73 480.288
11 74 127.016
11 75 937.068
11 76 1129.68
11 77 1026.53
11 78 666.721
11 79 1272.93
11 80 1153.92
11 81 271.494
11 82 859.843
11 83 272.591
11 84 210.44
11 85 456.185
11 86 906.407
11 87 1599.78
11 88 978.689
11 89 821.825
11 90 153.639
11 91 1243.73
11 92 169.729
11 93 301.4
11 94 742.243
11 95 283.007
11 96 1196.9
11 97 1079.15
11 98 531.245
11 99 376.808
11 100 791.082
11 101 706.773
11 102 922.05
11 103 139.169
11 104 1417.33
11 105 438.128
11 106 695.633
11 107 829.943
12 1 1071.07
12 2 177.73
12 3 1354.16
12 4 939.571
12 5 1194.19
12 6 1439.47
12 7 787.36
12 8 789.73
12 9 1098.22
12 10 1132.83
12 11 830.957
12 13 1055.46
12 14 479.17
12 15 247.032
12 16 1025.28
12 17 1024.65
12 18 685.452
12 19 208.396
12 20 1784.62
12 21 523.878
12 22 1148.86
12 23 1165.13
12 24 1563.62
12 25 1589.88
12 26 1035.95
12 27 1756.6
12 28 313.734
12 29 1069.79
12 30 1725.88
12 31 654.575
12 32 750.163
12 33 1213.64
12 34 435.178
12 35 1091.29
12 36 458.268
12 37 736.62
12 38 671.188
12 39 649.64
12 40 307.241
12 41 665.241
12 42 673.684
12 43 1062.7
12 44 425.171
12 45 1432.16
12 46 1500.57
12 47 247.873
12 48 906.711
12 49 755.127
12 50 1388.32
12 51 1198.54
12 52 1193.5
12 53 1149.95
12 54 585.362
12 55 640.539
12 56 444.213
12 57 1093.35
12 58 593.384
12 59 762.765
12 60 898.693
12 61 1310.25
12 62 1635.75
12 63 672.619
12 64 1022.08
12 65 1539.93
12 66 503.695
12 67 621.743
12 68 828.292
12 69 1541.55
12 70 699.514
12 71 1126.28
12 72 582.074
12 73 408.402
12 74 941.839
12 75 161.124
12 76 476.828
12 77 1223.3
12 78 453.874
12 79 593.271
12 80 638.163
12 81 566.311
12 82 325.83
12 83 957.863
12 84 1032.87
12 85 437.559
12 86 403.291
12 87 786.865
12 88 1456.87
12 89 1539.57
12 90 813.727
12 91 1545.16
12 92 738.109
12 93 685.52
12 94 1229.31
12 95 696.243
12 96 375.031
12 97 568.232
12 98 879.511
12 99 1109.5
12 100 1241.58
12 101 1377.42
12 102 1541.88
12 103 787.241
12 104 1165.74
12 105 777.126
12 106 261.354
12 107 711.619
13 1 1640.25
13 2 1216.83
13 3 551.318
13 4 1194.81
13 5 160.431
13 6 447.626
13 7 300.568
13 8 1538.39
13 9 1589.47
13 10 1382.49
13 11 850.677
13 12 1055.46
13 14 928.238
13 15 837.792
13 16 630.297
13 17 913.652
13 18 370.397
13 19 851.399
13 20 974.705
13 21 1230.03
13 22 1510.02
13 23 1027.88
13 24 850.828
13 25 556.429
13 26 436.395
13 27 950.506
13 28 974.393
13 29 594.748
13 30 981.587
13 31 1112.32
13 32 559.923
13 33 160.078
13 34 721.383
13 35 46.7547
13 36 1359.01
13 37 1624.54
13 38 708.759
13 39 994.942
13 40 916.7
13 41 1101.47
13 42 407.442
13 43 82.3772
13 44 1469.64
13 45 799.466
13 46 731.28
13 47 945.738
13 48 639.478
13 49 379.971
13 50 913.586
13 51 276.568
13 52 139.284
13 53 143.892
13 54 867.254
13 55 1170.88
13 56 1349.1
13 57 1567.44
13 58 1498.52
13 59 1601.99
13 60 866.739
13 61 539.523
13 62 785.779
13 63 1425.9
13 64 155.859
13 65 855.582
13 66 820.611
13 67 1394.27
13 68 1233.1
13 69 642.436
13 70 531.173
13 71 880.166
13 72 1571.1
13 73 727.616
13 74 942.652
13 75 1216.57
13 76 956.404
13 77 187.032
13 78 601.768
13 79 1057.88
13 80 818.125
13 81 885.47
13 82 797.888
13 83 1121.53
13 84 854.546
13 85 1025.45
13 86 1386.25
13 87 1525.03
13 88 477.574
13 89 831.538
13 90 697.046
13 91 490.743
13 92 702.011
13 93 595.243
13 94 359.251
13 95 606.595
13 96 1249.7
13 97 789.096
13 98 319.564
13 99 684.845
13 100 320.353
13 101 662.375
13 102 686.604
13 103 967.746
13 104 709.553
13 105 1236.16
13 106 1141.75
13 107 392.903
14 1 763.959
14 2 516.085
14 3 1387.54
14 4 480.551
14 5 1019.62
14 6 1196.02
14 7 628.792
14 8 610.85
14 9 747.461
14 10 687.913
14 11 367.234
14 12 479.17
14 13 928.238
14 15 525.164
14 16 632.504
14 17 1293.47
14 18 630.889
14 19 384.022
14 20 1414.68
14 21 303.98
14 22 741.758
14 23 691.437
14 24 1177.51
14 25 1369.88
14 26 717.586
14 27 1387.18
14 28 168.941
14 29 1202.58
14 30 1336.65
14 31 232.723
14 32 905.009
14 33 1081.96
14 34 664.349
14 35 946.907
14 36 477.378
14 37 1210.7
14 38 908.067
14 39 1017.63
14 40 176.74
14 41 233.225
14 42 533.608
14 43 971.815
14 44 832.434
14 45 1548.31
14 46 1560.8
14 47 232.562
14 48 1087.13
14 49 794.466
14 50 953.91
14 51 1158.54
14 52 1045.21
14 53 966.483
14 54 908.309
14 55 1069.08
14 56 922.703
14 57 733.213
14 58 599.144
14 59 1241.12
14 60 433.767
14 61 979.662
14 62 1294.12
14 63 497.775
14 64 968.723
14 65 1641.66
14 66 108.171
14 67 1097.79
14 68 407.804
14 69 1232.2
14 70 834.47
14 71 671.753
14 72 1031.59
14 73 255.225
14 74 467.247
14 75 571.83
14 76 853.548
14 77 1115.23
14 78 486.385
14 79 993.399
14 80 932.24
14 81 96.3328
14 82 595.695
14 83 483.848
14 84 576.999
14 85 108.046
14 86 556.82
14 87 1263.45
14 88 1202.73
14 89 1154.29
14 90 400.065
14 91 1394.4
14 92 331.157
14 93 359.201
14 94 957.966
14 95 357.069
14 96 853.185
14 97 853.185
14 98 643.204
14 99 703.651
14 100 991.032
14 101 1014.65
14 102 1212.11
14 103 308.08
14 104 1323.39
14 105 376.958
14 106 330.651
14 107 741.351
15 1 1232
15 2 424.708
15 3 1107.42
15 4 1004.95
15 5 985.382
15 6 1246.85
15 7 596.866
15 8 984.99
15 9 1240.23
15 10 1213.07
15 11 811.145
15 12 247.032
15 13 837.792
15 14 525.164
15 16 927.182
15 17 812.867
15 18 469.921
15 19 143.136
15 20 1644.55
15 21 685.607
15 22 1259.54
15 23 1147.19
15 24 1438.84
15 25 1385.85
15 26 893.28
15 27 1616.74
15 28 404.26
15 29 825.591
15 30 1599.64
15 31 746.531
15 32 504.961
15 33 992.261
15 34 191.971
15 35 877.087
15 36 679.833
15 37 832.866
15 38 440.095
15 39 493.243
15 40 360.303
15 41 751.45
15 42 490.637
15 43 835.652
15 44 634.007
15 45 1188.37
15 46 1253.68
15 47 325.926
15 48 667.308
15 49 513.515
15 50 1307.52
15 51 959.188
15 52 977.057
15 53 945.48
15 54 392.635
15 55 553.665
15 56 537.463
15 57 1230.62
15 58 821.676
15 59 833.31
15 60 875.822
15 61 1160.29
15 62 1482.32
15 63 862.861
15 64 788.287
15 65 1295.24
15 66 496.534
15 67 648.214
15 68 926.065
15 69 1373.99
15 70 452.642
15 71 1077.25
15 72 739.876
15 73 331.453
15 74 934.887
15 75 399.665
15 76 328.737
15 77 996.057
15 78 248.195
15 79 470.01
15 80 429.731
15 81 585.031
15 82 86.267
15 83 999.041
15 84 989.952
15 85 534.757
15 86 644.457
15 87 808.273
15 88 1267.86
15 89 1414.85
15 90 748.848
15 91 1322.15
15 92 678.189
15 93 587.307
15 94 1054.5
15 95 602.881
15 96 441.675
15 97 352.598
15 98 711.003
15 99 1015.69
15 100 1057.73
15 101 1243.13
15 102 1384.41
15 103 809.308
15 104 925.499
15 105 886.002
15 106 456.128
15 107 473.152
16 1 1138.04
16 2 1119.89
16 3 1181.59
16 4 646.31
16 5 617.122
16 6 661.635
16 7 478.026
16 8 1144.07
16 9 1061.68
16 10 798.038
16 11 331.545
16 12 1025.28
16 13 630.297
16 14 632.504
16 15 927.182
16 17 1415.13
16 18 623.939
16 19 840.534
16 20 782.253
16 21 899.3
16 22 944.949
16 23 398.362
16 24 547.133
16 25 842.82
16 26 200.771
16 27 754.709
16 28 774.837
16 29 1167.91
16 30 708.079
16 31 694.525
16 32 991.817
16 33 723.097
16 34 942.595
16 35 615.435
16 36 1104.58
16 37 1746.07
16 38 1088.25
16 39 1320.89
16 40 744.527
16 41 677.012
16 42 508.599
16 43 709.326
16 44 1432.62
16 45 1424.33
16 46 1361.18
16 47 801.46
16 48 1143.67
16 49 794.003
16 50 383.377
16 51 906.221
16 52 673.351
16 53 568.254
16 54 1184.75
16 55 1446.58
16 56 1446.93
16 57 1035.87
16 58 1213.43
16 59 1755.79
16 60 305.851
16 61 372.71
16 62 667.498
16 63 1059.54
16 64 760.896
16 65 1485.27
16 66 550.229
16 67 1575.37
16 68 740.501
16 69 627.039
16 70 928.276
16 71 250.05
16 72 1607.3
16 73 620.426
16 74 363.6
16 75 1159.31
16 76 1204.51
16 77 780.403
16 78 713.168
16 79 1342.47
16 80 1169.27
16 81 541.92
16 82 947.808
16 83 554.995
16 84 234.293
16 85 737.271
16 86 1189.29
16 87 1734.95
16 88 654.908
16 89 523.551
16 90 232.691
16 91 947.167
16 92 302.79
16 93 343.406
16 94 429.214
16 95 330.492
16 96 1358.09
16 97 1105.25
16 98 350.344
16 99 89.0056
16 100 484.421
16 101 384.502
16 102 593.354
16 103 470.457
16 104 1293.85
16 105 769.068
16 106 956.124
16 107 760.161
17 1 2037.96
17 2 1187.7
17 3 688.448
17 4 1745.92
17 5 1055.69
17 6 1331.61
17 7 937.307
17 8 1797.56
17 9 2036.56
17 10 1958.7
17 11 1467.55
17 12 1024.65
17 13 913.652
17 14 1293.47
17 15 812.867
17 16 1415.13
17 18 796.634
17 19 946.932
17 20 1886.39
17 21 1496.74
17 22 2032.67
17 23 1761.82
17 24 1760.16
17 25 1377.21
17 26 1270.77
17 27 1862.79
17 28 1207.05
17 29 359.089
17 30 1894.95
17 31 1525.92
17 32 426.973
17 33 975.851
17 34 635.796
17 35 957.326
17 36 1481.62
17 37 1120.54
17 38 385.502
17 39 427.477
17 40 1154.87
17 41 1526.61
17 42 922.304
17 43 843.783
17 44 1250.45
17 45 567.354
17 46 724.162
17 47 1132.14
17 48 278.115
17 49 621.233
17 50 1771.37
17 51 777.814
17 52 1001.76
17 53 1055.51
17 54 441.355
17 55 582.959
17 56 973.379
17 57 2024.19
17 58 1618.02
17 59 1055.32
17 60 1517.5
17 61 1445.87
17 62 1696.35
17 63 1675.64
17 64 761.391
17 65 674.759
17 66 1227.26
17 67 868.864
17 68 1700.33
17 69 1549.12
17 70 495.965
17 71 1643.36
17 72 1210.29
17 73 1045.09
17 74 1592.27
17 75 1132.64
17 76 569.677
17 77 930.798
17 78 817.793
17 79 522.805
17 80 386.933
17 81 1323.08
17 82 727.402
17 83 1713.66
17 84 1580.52
17 85 1330.44
17 86 1422.28
17 87 913.315
17 88 1366.18
17 89 1739.81
17 90 1345.65
17 91 1195.68
17 92 1300.26
17 93 1170.73
17 94 1270.94
17 95 1189.79
17 96 902.732
17 97 460.935
17 98 1071.56
17 99 1495.2
17 100 1233.97
17 101 1565.36
17 102 1598.55
17 103 1520.13
17 104 322.486
17 105 1669.9
17 106 1266.01
17 107 656.403
18 1 1387.26
18 2 849.236
18 3 756.89
18 4 1003.82
18 5 515.461
18 6 781.41
18 7 160.59
18 8 1233.66
18 9 1356.4
18 10 1211.57
18 11 690.248
18 12 685.452
18 13 370.397
18 14 630.889
18 15 469.921
18 16 623.939
18 17 796.634
18 19 483.175
18 20 1225.83
18 21 916.177
18 22 1311.97
18 23 966.784
18 24 1046.84
18 25 916.081
18 26 508.025
18 27 1198.86
18 28 636.704
18 29 601.522
18 30 1200.38
18 31 847.116
18 32 370.135
18 33 528.194
18 34 380.27
18 35 407.946
18 36 1014.85
18 37 1278.59
18 38 467.472
18 39 721.79
18 40 576.351
18 41 840.907
18 42 128.736
18 43 380.426
18 44 1099.64
18 45 926.987
18 46 930.054
18 47 595.431
18 48 534.238
18 49 186.815
18 50 994.675
18 51 541.383
18 52 509.119
18 53 476.249
18 54 584.719
18 55 873.6
18 56 993.63
18 57 1338.23
18 58 1157.92
18 59 1264.66
18 60 732.724
18 61 742.814
18 62 1050.45
18 63 1114.77
18 64 352.933
18 65 1015.41
18 66 532.139
18 67 1062.22
18 68 998.389
18 69 928.212
18 70 304.593
18 71 846.809
18 72 1207.93
18 73 392.745
18 74 809.892
18 75 846.575
18 76 639.038
18 77 540.008
18 78 231.579
18 79 762.237
18 80 557.154
18 81 617.314
18 82 438.634
18 83 953.52
18 84 784.789
18 85 712.705
18 86 1028.85
18 87 1205.68
18 88 804.503
18 89 1023.85
18 90 555.792
18 91 859.724
18 92 520.54
18 93 388.932
18 94 607.853
18 95 407.241
18 96 894.674
18 97 502.642
18 98 301.166
18 99 707.758
18 100 601.202
18 101 845.176
18 102 949.784
18 103 768.668
18 104 728.619
18 105 985.711
18 106 789.856
18 107 141.792
19 1 1092.75
19 2 366.067
19 3 1184.49
19 4 864.506
19 5 987.361
19 6 1231.07
19 7 579.128
19 8 856.552
19 9 1098.42
19 10 1071.52
19 11 688.758
19 12 208.396
19 13 851.399
19 14 384.022
19 15 143.136
19 16 840.534
19 17 946.932
19 18 483.175
19 20 1586.21
19 21 550.023
19 22 1116.42
19 23 1026.59
19 24 1370.09
19 25 1381.97
19 26 834.799
19 27 1558.22
19 28 262.56
19 29 928.291
19 30 1532.15
19 31 603.464
19 32 608.685
19 33 1010.5
19 34 313.179
19 35 885.981
19 36 570.685
19 37 905.615
19 38 566.96
19 39 636.149
19 40 217.168
19 41 608.56
19 42 465.318
19 43 863.014
19 44 633.044
19 45 1289.91
19 46 1340.39
19 47 185.569
19 48 781.386
19 49 574.04
19 50 1213.7
19 51 1009.29
19 52 988.595
19 53 942.465
19 54 534.619
19 55 687.224
19 56 606.513
19 57 1088.4
19 58 715.257
19 59 918.138
19 60 755.082
19 61 1108.03
19 62 1433.25
19 63 733.641
19 64 827.684
19 65 1393.71
19 66 365.21
19 67 748.674
19 68 783.036
19 69 1335.77
19 70 547.702
19 71 967.883
19 72 777.353
19 73 221.687
19 74 809.47
19 75 367.723
19 76 469.847
19 77 1023.05
19 78 253.387
19 79 609.381
19 80 568.177
19 81 449.16
19 82 222.266
19 83 862.282
19 84 877.543
19 85 391.981
19 86 557.961
19 87 912.932
19 88 1248.56
19 89 1346
19 90 643.659
19 91 1341.96
19 92 569.818
19 93 497.194
19 94 1022.02
19 95 510.236
19 96 519.562
19 97 489.825
19 98 672.334
19 99 927.243
19 100 1033.44
19 101 1180.06
19 102 1338.23
19 103 675.245
19 104 1035.9
19 105 742.892
19 106 340.472
19 107 526.305
20 1 1805.01
20 2 1894.59
20 3 1373.55
20 4 1319.35
20 5 831.697
20 6 576.223
20 7 1069.14
20 8 1886.35
20 9 1706.7
20 10 1387.21
20 11 1086.68
20 12 1784.62
20 13 974.705
20 14 1414.68
20 15 1644.55
20 16 782.253
20 17 1886.39
20 18 1225.83
20 19 1586.21
20 21 1671.97
20 22 1548.97
20 23 926.078
20 24 243.971
20 25 627.619
20 26 752.498
20 27 28.0179
20 28 1554.76
20 29 1551.1
20 30 123.483
20 31 1452.9
20 32 1524
20 33 922.521
20 34 1602.94
20 35 929.899
20 36 1884.28
20 37 2477.42
20 38 1662.84
20 39 1939.13
20 40 1520.68
20 41 1434.18
20 42 1160.36
20 43 1042.62
20 44 2202.51
20 45 1650.98
20 46 1510.64
20 47 1575.47
20 48 1614.01
20 49 1326.54
20 50 549.482
20 51 1145.78
20 52 889.235
20 53 831.496
20 54 1804.09
20 55 2098.83
20 56 2181.03
20 57 1678.74
20 58 1987.26
20 59 2474.71
20 60 1037.82
20 61 485.808
20 62 190.686
20 63 1816.69
20 64 1125.04
20 65 1660.12
20 66 1330.92
20 67 2279.16
20 68 1454
20 69 341.74
20 70 1482.94
20 71 824.842
20 72 2363.42
20 73 1376.57
20 74 1060.05
20 75 1928.16
20 76 1864.66
20 77 977.432
20 78 1402.49
20 79 1986.81
20 80 1766.29
20 81 1323.23
20 82 1641.92
20 83 1221.78
20 84 900.434
20 85 1518.86
20 86 1971.5
20 87 2428.25
20 88 539.727
20 89 265.092
20 90 1014.65
20 91 857.114
20 92 1084.77
20 93 1102.61
20 94 628.376
20 95 1094.34
20 96 2086.19
20 97 1722.23
20 98 938.376
20 99 714.329
20 100 655.689
20 101 407.443
20 102 288.106
20 103 1215.37
20 104 1651.1
20 105 1497.18
20 106 1737.42
20 107 1319.62
21 1 550.314
21 2 451.774
21 3 1670.94
21 4 502.021
21 5 1323.6
21 6 1494.98
21 7 929.731
21 8 318.675
21 9 574.625
21 10 655.857
21 11 586.502
21 12 523.878
21 13 1230.03
21 14 303.98
21 15 685.607
21 16 899.3
21 17 1496.74
21 18 916.177
21 19 550.023
21 20 1671.97
21 22 639.729
21 23 847.88
21 24 1429.73
21 25 1670.56
21 26 1009.68
21 27 1645.18
21 28 296.319
21 29 1457.27
21 30 1583.6
21 31 235.228
21 32 1144.88
21 33 1384.9
21 34 862.863
21 35 1249.9
21 36 232.039
21 37 1164.71
21 38 1116.58
21 39 1160.77
21 40 355.028
21 41 254.201
21 42 829.873
21 43 1270.6
21 44 724.427
21 45 1812.72
21 46 1839.9
21 47 365.941
21 48 1323.23
21 49 1064.87
21 50 1172.23
21 51 1452.7
21 52 1348.74
21 53 1270.46
21 54 1075.7
21 55 1164.42
21 56 912.042
21 57 570.671
21 58 315.292
21 59 1214.75
21 60 641.232
21 61 1262.1
21 62 1566.8
21 63 198.595
21 64 1262.51
21 65 1911
21 66 412.074
21 67 1116
21 68 353.412
21 69 1517.08
21 70 1078.36
21 71 876.949
21 72 947.435
21 73 524.176
21 74 641.102
21 75 527.971
21 76 987.561
21 77 1416.79
21 78 737.625
21 79 1113.23
21 80 1115.33
21 81 370.022
21 82 769.928
21 83 560.226
21 84 787.109
21 85 205.197
21 86 356.432
21 87 1275.06
21 88 1500.11
21 89 1407.54
21 90 670.433
21 91 1698.38
21 92 612.128
21 93 660.933
21 94 1255.12
21 95 657.141
21 96 870.517
21 97 1037.91
21 98 946.938
21 99 958.52
21 100 1290.79
21 101 1283.43
21 102 1490.63
21 103 468.646
21 104 1571.97
21 105 292.159
21 106 265.59
21 107 1012.09
22 1 292.031
22 2 1091.47
22 3 2037.65
22 4 315.449
22 5 1541.46
22 6 1603.96
22 7 1248.22
22 8 556.655
22 9 178.519
22 10 161.793
22 11 659.577
22 12 1148.86
22 13 1510.02
22 14 741.758
22 15 1259.54
22 16 944.949
22 17 2032.67
22 18 1311.97
22 19 1116.42
22 20 1548.97
22 21 639.729
22 23 628.067
22 24 1316.42
22 25 1783.93
22 26 1134.3
22 27 1527.43
22 28 860.17
22 29 1910.69
22 30 1433.81
22 31 513.183
22 32 1632.12
22 33 1635.99
22 34 1406.1
22 35 1510.58
22 36 825.751
22 37 1799.86
22 38 1647.93
22 39 1752.34
22 40 899.324
22 41 509.471
22 42 1190.46
22 43 1575.93
22 44 1349.1
22 45 2236.32
22 46 2218.1
22 47 939.397
22 48 1813.81
22 49 1493.81
22 50 1000.11
22 51 1777.87
22 52 1589.09
22 53 1488.68
22 54 1648.23
22 55 1782.96
22 56 1551.76
22 57 153.075
22 58 812.794
22 59 1852.87
22 60 651.872
22 61 1292.85
22 62 1515.02
22 63 589.784
22 64 1599.97
22 65 2319.13
22 66 806.791
22 67 1754.68
22 68 334.265
22 69 1528.3
22 70 1560.27
22 71 758.228
22 72 1574.84
22 73 987.749
22 74 583.271
22 75 1167.68
22 76 1583.71
22 77 1685.9
22 78 1217.39
22 79 1719.05
22 80 1673.9
22 81 711.537
22 82 1334.65
22 83 393.289
22 84 719.987
22 85 727.396
22 86 961.002
22 87 1914.56
22 88 1594.22
22 89 1300.8
22 90 813.172
22 91 1889.75
22 92 813.35
22 93 936.056
22 94 1374.15
22 95 920.405
22 96 1508.1
22 97 1594.81
22 98 1190.46
22 99 947.782
22 100 1428.64
22 101 1252.05
22 102 1473.2
22 103 548.352
22 104 2036.07
22 105 375.033
22 106 901.055
22 107 1442.55
23 1 879.205
23 2 1203.99
23 3 1579.13
23 4 404.148
23 5 1011.69
23 6 1011.75
23 7 842.945
23 8 993.328
23 9 780.877
23 10 466.974
23 11 337.902
23 12 1165.13
23 13 1027.88
23 14 691.437
23 15 1147.19
23 16 398.362
23 17 1761.82
23 18 966.784
23 19 1026.59
23 20 926.078
23 21 847.88
23 22 628.067
23 24 689.703
23 25 1186.27
23 26 597.877
23 27 903.434
23 28 860.307
23 29 1545.2
23 30 814.982
23 31 612.67
23 32 1334.91
23 33 1119.81
23 34 1217.96
23 35 1013.79
23 36 1079.25
23 37 1900.61
23 38 1407.16
23 39 1602.65
23 40 857.907
23 41 593.779
23 42 839.717
23 43 1106.01
23 44 1517.76
23 45 1817.75
23 46 1759.09
23 47 917.589
23 48 1500.48
23 49 1149.71
23 50 377.16
23 51 1304.16
23 52 1069.8
23 53 964.409
23 54 1472.86
23 55 1698.07
23 56 1609.09
23 57 752.959
23 58 1148.63
23 59 1927.49
23 60 271.671
23 61 687.224
23 62 887.246
23 63 946.381
23 64 1153.88
23 65 1881.61
23 66 665.724
23 67 1772.3
23 68 554.672
23 69 908.257
23 70 1266.19
23 71 153.457
23 72 1722.16
23 73 815.76
23 74 224.19
23 75 1262.78
23 76 1461.87
23 77 1177.94
23 78 986.755
23 79 1604.91
23 80 1471.71
23 81 599.591
23 82 1192.4
23 83 311.333
23 84 182.661
23 85 765.426
23 86 1195.08
23 87 1937.55
23 88 996.575
23 89 673.417
23 90 420.011
23 91 1322.1
23 92 478.174
23 93 598.054
23 94 801.841
23 95 579.086
23 96 1533.64
23 97 1399.51
23 98 733.134
23 99 362.041
23 100 861.517
23 101 630.436
23 102 849.085
23 103 392.971
23 104 1672.65
23 105 607.988
23 106 1008.42
23 107 1108.43
24 1 1566.56
24 2 1665.8
24 3 1318.81
24 4 1077.94
24 5 731.072
24 6 538.075
24 7 886.585
24 8 1642.45
24 9 1470.27
24 10 1154.72
24 11 843.772
24 12 1563.62
24 13 850.828
24 14 1177.51
24 15 1438.84
24 16 547.133
24 17 1760.16
24 18 1046.84
24 19 1370.09
24 20 243.971
24 21 1429.73
24 22 1316.42
24 23 689.703
24 25 654.753
24 26 548.482
24 27 218.506
24 28 1321.95
24 29 1444.33
24 30 162.265
24 31 1209.38
24 32 1372.7
24 33 837.194
24 34 1415.09
24 35 810.443
24 36 1644.02
24 37 2269.82
24 38 1501.76
24 39 1768.16
24 40 1290.67
24 41 1190.61
24 42 966.201
24 43 927.436
24 44 1976.82
24 45 1594.41
24 46 1473.96
24 47 1346.81
24 48 1482.93
24 49 1169.78
24 50 318.251
24 51 1065.39
24 52 795.218
24 53 715.744
24 54 1631.34
24 55 1918.16
24 56 1971.6
24 57 1442.4
24 58 1744.98
24 59 2272.03
24 60 794.081
24 61 314.651
24 62 222.407
24 63 1572.87
24 64 1006.48
24 65 1619.81
24 66 1097.36
24 67 2081.56
24 68 1210.71
24 69 321.31
24 70 1324.18
24 71 582.066
24 72 2144.92
24 73 1155.39
24 74 816.258
24 75 1702.8
24 76 1679.59
24 77 898.005
24 78 1203.17
24 79 1807.89
24 80 1599.95
24 81 1084.82
24 82 1443.88
24 83 980.128
24 84 656.51
24 85 1280.44
24 86 1734.03
24 87 2235.03
24 88 505.166
24 89 24.0832
24 90 777.805
24 91 863.348
24 92 849.682
24 93 878.29
24 94 491.664
24 95 868.408
24 96 1878.81
24 97 1549.2
24 98 748.575
24 99 474.384
24 100 536.71
24 101 201.693
24 102 242.143
24 103 971.601
24 104 1554.71
24 105 1253.42
24 106 1503.07
24 107 1155.15
25 1 1979.3
25 2 1740.73
25 3 776.534
25 4 1489.13
25 5 401.155
25 6 181.532
25 7 803.2
25 8 1953.05
25 9 1904.5
25 10 1631.88
25 11 1163.31
25 12 1589.88
25 13 556.429
25 14 1369.88
25 15 1385.85
25 16 842.82
25 17 1377.21
25 18 916.081
25 19 1381.97
25 20 627.619
25 21 1670.56
25 22 1783.93
25 23 1186.27
25 24 654.753
25 26 674.003
25 27 615.02
25 28 1457.23
25 29 1020.65
25 30 700.692
25 31 1502.45
25 32 1093.89
25 33 424.332
25 34 1277.7
25 35 513.004
25 36 1836.68
25 37 2180.94
25 38 1248.34
25 39 1535.98
25 40 1405.57
25 41 1487.26
25 42 917.616
25 43 586.008
25 44 2011.28
25 45 1048.74
25 46 895.08
25 47 1445.51
25 48 1128.42
25 49 932.269
25 50 898.855
25 51 599.514
25 52 421.048
25 53 440.858
25 54 1413.96
25 55 1717.65
25 56 1904.62
25 57 1878.68
25 58 1967.04
25 59 2157.58
25 60 1147.36
25 61 499.231
25 62 462.45
25 63 1853.93
25 64 661.085
25 65 1045.02
25 66 1264.21
25 67 1949.26
25 68 1576.49
25 69 333.444
25 70 1076.92
25 71 1037.62
25 72 2123.61
25 73 1222.61
25 74 1206.1
25 75 1749.66
25 76 1510.29
25 77 453.982
25 78 1142.3
25 79 1605.42
25 80 1359.62
25 81 1301.91
25 82 1351.54
25 83 1397.2
25 84 1064.13
25 85 1476.39
25 86 1885.52
25 87 2076.58
25 88 190.184
25 89 649.81
25 90 1027.74
25 91 231.019
25 92 1069.04
25 93 1010.68
25 94 422.147
25 95 1013.55
25 96 1805.24
25 97 1338.4
25 98 734.505
25 99 837.194
25 100 380.217
25 101 577.831
25 102 412.611
25 103 1301.13
25 104 1098.42
25 105 1598.34
25 106 1637.26
25 107 948.947
26 1 1310.2
26 2 1156.53
26 3 986.197
26 4 827.916
26 5 416.587
26 6 493.463
26 7 348.21
26 8 1281.67
26 9 1240.99
26 10 991.88
26 11 492.042
26 12 1035.95
26 13 436.395
26 14 717.586
26 15 893.28
26 16 200.771
26 17 1270.77
26 18 508.025
26 19 834.799
26 20 752.498
26 21 1009.68
26 22 1134.3
26 23 597.877
26 24 548.482
26 25 674.003
26 27 724.57
26 28 832.265
26 29 998.066
26 30 707.631
26 31 829.927
26 32 858.294
26 33 522.404
26 34 867.831
26 35 417.824
26 36 1194.19
26 37 1725.89
26 38 973.166
26 39 1228.51
26 40 789.94
26 41 814.305
26 42 418.306
26 43 517.325
26 44 1457.71
26 45 1235.04
26 46 1164.7
26 47 840.315
26 48 994.174
26 49 654.45
26 50 501.088
26 51 710.187
26 52 472.607
26 53 367.483
26 54 1091.2
26 55 1372.49
26 56 1428.88
26 57 1216.12
26 58 1315.84
26 59 1725.49
26 60 484.124
26 61 274.707
26 62 600.083
26 63 1186.28
26 64 575.539
26 65 1291.73
26 66 618.357
26 67 1533.47
26 68 904.417
26 69 518.001
26 70 801.5
26 71 447.001
26 72 1612.13
26 73 630.417
26 74 551.153
26 75 1183.97
26 76 1132.72
26 77 580.086
26 78 654.932
26 79 1263.29
26 80 1065.17
26 81 639.852
26 82 895.599
26 83 741.389
26 84 434.2
26 85 825.632
26 86 1261.58
26 87 1686.55
26 88 494.071
26 89 524.756
26 90 353.794
26 91 755.747
26 92 399.246
26 93 368.49
26 94 251.857
26 95 365.262
26 96 1334.57
26 97 1009.4
26 98 207.06
26 99 248.485
26 100 299.04
26 101 350.139
26 102 508.189
26 103 628.411
26 104 1121.4
26 105 924.58
26 106 1017.24
26 107 629.937
27 1 1782.02
27 2 1866.65
27 3 1355.25
27 4 1295.35
27 5 808.755
27 6 556.938
27 7 1041.95
27 8 1860.89
27 9 1684.25
27 10 1365.64
27 11 1060.15
27 12 1756.6
27 13 950.506
27 14 1387.18
27 15 1616.74
27 16 754.709
27 17 1862.79
27 18 1198.86
27 19 1558.22
27 20 28.0179
27 21 1645.18
27 22 1527.43
27 23 903.434
27 24 218.506
27 25 615.02
27 26 724.57
27 28 1526.97
27 29 1528.72
27 30 112.004
27 31 1426.62
27 32 1498.6
27 33 900.92
27 34 1575.72
27 35 905.908
27 36 1857.1
27 37 2449.61
27 38 1636.94
27 39 1912.76
27 40 1492.79
27 41 1407.92
27 42 1132.8
27 43 1019.1
27 44 2174.51
27 45 1632.81
27 46 1494.15
27 47 1547.53
27 48 1589.94
27 49 1300.72
27 50 527.444
27 51 1125
27 52 866.908
27 53 807.541
27 54 1777.6
27 55 2072.01
27 56 2153.16
27 57 1656.32
27 58 1960.47
27 59 2447.03
27 60 1011.72
27 61 458.312
27 62 169.098
27 63 1790.63
27 64 1101.4
27 65 1643.44
27 66 1303.18
27 67 2251.64
27 68 1429.13
27 69 321.044
27 70 1457.09
27 71 800.212
27 72 2335.41
27 73 1348.55
27 74 1034.76
27 75 1900.16
27 76 1837.6
27 77 956.411
27 78 1374.83
27 79 1960.05
27 80 1740.13
27 81 1295.85
27 82 1614.33
27 83 1197.67
27 84 874.954
27 85 1491.46
27 86 1943.99
27 87 2400.91
27 88 520.461
27 89 239.075
27 90 987.168
27 91 843.481
27 92 1057.15
27 93 1074.63
27 94 602.656
27 95 1066.38
27 96 2058.37
27 97 1695.71
27 98 910.863
27 99 687.274
27 100 631.029
27 101 379.438
27 102 264.246
27 103 1189.29
27 104 1629.59
27 105 1471.92
27 106 1709.7
27 107 1293.39
28 1 831.082
28 2 351.49
28 3 1384.43
28 4 629.063
28 5 1085.55
28 6 1289.99
28 7 675.992
28 8 612.514
28 9 836.029
28 10 828.015
28 11 533.339
28 12 313.734
28 13 974.393
28 14 168.941
28 15 404.26
28 16 774.837
28 17 1207.05
28 18 636.704
28 19 262.56
28 20 1554.76
28 21 296.319
28 22 860.17
28 23 860.307
28 24 1321.95
28 25 1457.23
28 26 832.265
28 27 1526.97
28 29 1161.46
28 30 1482.81
28 31 351.04
28 32 848.571
28 33 1133.22
28 34 571.361
28 35 999.97
28 36 384.881
28 37 1042.02
28 38 824.229
28 39 893.96
28 40 60.8276
28 41 359.139
28 42 567.067
28 43 1005.55
28 44 668.234
28 45 1518.06
28 46 1550.37
28 47 79.3095
28 48 1027.15
28 49 774.145
28 50 1113.23
28 51 1177.85
28 52 1101.89
28 53 1034.66
28 54 796.779
28 55 925.804
28 56 755.442
28 57 826.378
28 58 524.452
28 59 1073.55
28 60 600.524
28 61 1102.98
28 62 1423.95
28 63 490.026
28 64 988.531
28 65 1617.47
28 66 224.722
28 67 935.053
28 68 529.759
28 69 1350.25
28 70 782.121
28 71 836.28
28 72 863.6
28 73 247.421
28 74 636.123
28 75 403.814
28 76 723.974
28 77 1158.46
28 78 443.798
28 79 858.919
28 80 830.545
28 81 262.2
28 82 484.809
28 83 644.186
28 84 741.596
28 85 132.834
28 86 430.875
28 87 1100.39
28 88 1300.66
28 89 1298.33
28 90 546.759
28 91 1457.17
28 92 472.925
28 93 463.78
