106
1 2 1186.14
1 3 1837.11
1 4 642.665
1 5 1595.67
1 6 406.054
1 7 613
1 8 1240.18
1 9 667.994
1 10 1529.66
1 11 1698.39
1 12 1495.37
1 13 1113.45
1 14 1581.23
1 15 1688.3
1 16 1991.14
1 17 1222.93
1 18 1945.47
1 19 562.91
1 20 1718.8
1 21 1613.02
1 22 2135.63
1 23 110.725
1 24 233.019
1 25 627.753
1 26 600.541
1 27 1734.12
1 28 666.202
1 29 1461.12
1 30 528.209
1 31 1584.53
1 32 1646.79
1 33 594.623
1 34 80.8084
1 35 1194.01
1 36 1552.8
1 37 1188.71
1 38 2065.41
1 39 1634.71
1 40 1673.37
1 41 1480.26
1 42 1108.04
1 43 798.01
1 44 745.775
1 45 1240.29
1 46 278.921
1 47 1664.19
1 48 2229.43
1 49 836.567
1 50 1230.2
1 51 1393.37
1 52 1544.82
1 53 162.496
1 54 1443.47
1 55 1699.09
1 56 1735.76
1 57 1603.44
1 58 1610.7
1 59 1133.53
1 60 1885.14
1 61 300.002
1 62 430.573
1 63 1500.12
1 64 309.864
1 65 533.164
1 66 1169.11
1 67 1653.68
1 68 382.005
1 69 1028.16
1 70 1733.24
1 71 500.969
1 72 597.907
1 73 1074.01
1 74 1901.73
1 75 1597.82
1 76 861.795
1 77 95.4254
1 78 1011.42
1 79 640.795
1 80 519.047
1 81 1025.67
1 82 1599.43
1 83 1646.07
1 84 871.305
1 85 1355.42
1 86 1228.56
1 87 1114.41
1 88 1260.74
1 89 524.605
1 90 1474.9
1 91 1065.78
1 92 794.099
1 93 1073.42
1 94 452.482
1 95 1191.83
1 96 1655.85
1 97 1545.33
1 98 1534.95
1 99 1414.18
1 100 521.001
1 101 1284.42
1 102 1314.74
1 103 1391.97
1 104 1670.1
1 105 535.337
1 106 345.094
2 1 1186.14
2 3 970.569
2 4 1043.66
2 5 2096.67
2 6 1358.2
2 7 1311.09
2 8 141.089
2 9 1191.87
2 10 789.856
2 11 1476.31
2 12 1325.3
2 13 1807.03
2 14 785.947
2 15 1651.4
2 16 1435.55
2 17 900.094
2 18 1319.97
2 19 1319.54
2 20 1098.2
2 21 1201.3
2 22 1479.55
2 23 1084.74
2 24 1195.78
2 25 998.99
2 26 1266.24
2 27 1031.19
2 28 1531.43
2 29 407.735
2 30 1441.44
2 31 1417.35
2 32 461.001
2 33 595.407
2 34 1238.03
2 35 973.154
2 36 955.005
2 37 1341.6
2 38 1549.13
2 39 471.135
2 40 539.749
2 41 468.824
2 42 832.406
2 43 1403.65
2 44 458.04
2 45 1342.7
2 46 914.107
2 47 1963.21
2 48 1655.17
2 49 1678.86
2 50 1822.25
2 51 1552.13
2 52 1516.62
2 53 1122.89
2 54 1626.17
2 55 647.781
2 56 824.75
2 57 1508.54
2 58 870
2 59 268.613
2 60 1683.38
2 61 1485.88
2 62 757.017
2 63 1633.73
2 64 1006.71
2 65 1224.18
2 66 748.936
2 67 524.559
2 68 856.321
2 69 330.312
2 70 1282.25
2 71 692.988
2 72 827.063
2 73 264.038
2 74 1281.28
2 75 2062.72
2 76 1079.93
2 77 1091.71
2 78 1643.31
2 79 632.162
2 80 672.542
2 81 744.689
2 82 800.725
2 83 502.155
2 84 1517.75
2 85 170.485
2 86 1167.05
2 87 168.6
2 88 165.484
2 89 826.514
2 90 515.676
2 91 842.17
2 92 872.327
2 93 195.489
2 94 1367.44
2 95 1417.92
2 96 1022.9
2 97 988.892
2 98 364.742
2 99 1087.77
2 100 666.112
2 101 1015.39
2 102 1438.37
2 103 1451.21
2 104 1750.85
2 105 1297.27
2 106 1461.67
3 1 1837.11
3 2 970.569
3 4 1345.61
3 5 1942.09
3 6 1798.76
3 7 1612.3
3 8 830.73
3 9 1454.01
3 10 315.298
3 11 929.534
3 12 914.287
3 13 1891.54
3 14 256.301
3 15 1194.12
3 16 594.718
3 17 736.981
3 18 454.472
3 19 1654.52
3 20 362.84
3 21 629.299
3 22 554.26
3 23 1769.22
3 24 1726.91
3 25 1324.58
3 26 1573.18
3 27 247.645
3 28 1842.3
3 29 571.497
3 30 1821.2
3 31 953.323
3 32 890.524
3 33 1313.9
3 34 1853.19
3 35 824.119
3 36 402.782
3 37 1212.51
3 38 709.558
3 39 700.032
3 40 594.834
3 41 503.989
3 42 809.373
3 43 1589.27
3 44 1168.45
3 45 1169.65
3 46 1572.58
3 47 1680.01
3 48 754.287
3 49 1920.72
3 50 1821.27
3 51 1308.87
3 52 1127.9
3 53 1848.94
3 54 1368.7
3 55 400.281
3 56 148.432
3 57 1063.6
3 58 251.676
3 59 800.246
3 60 1069.85
3 61 2100.12
3 62 1456.18
3 63 1331.33
3 64 1549.61
3 65 1575.03
3 66 705.209
3 67 589.163
3 68 1455.75
3 69 867.862
3 70 612.657
3 71 1379.09
3 72 1258.93
3 73 858.189
3 74 435.041
3 75 1887.36
3 76 1209.45
3 77 1760.95
3 78 1738.04
3 79 1203.82
3 80 1369.66
3 81 847.81
3 82 238.365
3 83 632.143
3 84 1676.59
3 85 887.265
3 86 978.409
3 87 1139.04
3 88 1084.89
3 89 1320.32
3 90 455.712
3 91 856.449
3 92 1117.46
3 93 907.556
3 94 1780.13
3 95 1303.03
3 96 343.77
3 97 447.546
3 98 994.019
3 99 707.334
3 100 1415.26
3 101 770.112
3 102 1225.19
3 103 1174.79
3 104 1356.35
3 105 1648.28
3 106 2174.09
4 1 642.665
4 2 1043.66
4 3 1345.61
4 5 1134.25
4 6 457.683
4 7 285.281
4 8 1020.47
4 9 148.223
4 10 1031.06
4 11 1057.12
4 12 854.789
4 13 769.63
4 14 1096.27
4 15 1051.64
4 16 1384.13
4 17 639.988
4 18 1357.96
4 19 315.357
4 20 1148.81
4 21 999.29
4 22 1545.29
4 23 640.52
4 24 443.549
4 25 46.6905
4 26 241.006
4 27 1189.6
4 28 521.035
4 29 1138.8
4 30 477.272
4 31 942.446
4 32 1460.97
4 33 589.286
4 34 615.753
4 35 586.42
4 36 996.545
4 37 557.678
4 38 1447.46
4 39 1375.91
4 40 1373.4
4 41 1127.48
4 42 542.244
4 43 362.229
4 44 633.582
4 45 604.401
4 46 511.141
4 47 1108.06
4 48 1616.52
4 49 645.592
4 50 809.762
4 51 776.879
4 52 905.68
4 53 747.38
4 54 836.086
4 55 1328.52
4 56 1278.72
4 57 961.462
4 58 1097.73
4 59 853.821
4 60 1242.48
4 61 819.552
4 62 549.477
4 63 883.777
4 64 348.049
4 65 229.856
4 66 640.428
4 67 1352.02
4 68 402.773
4 69 746.033
4 70 1119.06
4 71 531.266
4 72 230.054
4 73 815.206
4 74 1315.84
4 75 1116.07
4 76 219.135
4 77 615.419
4 78 610.381
4 79 441.38
4 80 548.547
4 81 500.297
4 82 1112.62
4 83 1360.85
4 84 476.615
4 85 1179.37
4 86 588.537
4 87 1068.13
4 88 1184.46
4 89 275.485
4 90 1093.97
4 91 494.923
4 92 230.957
4 93 860.015
4 94 435.167
4 95 578.105
4 96 1097.03
4 97 976.713
4 98 1401.13
4 99 800.583
4 100 625.082
4 101 674.051
4 102 686.202
4 103 757.198
4 104 1050.23
4 105 304.907
4 106 974.692
5 1 1595.67
5 2 2096.67
5 3 1942.09
5 4 1134.25
5 6 1197.44
5 7 995.48
5 8 2030.48
5 9 1011.79
5 10 1705.43
5 11 1085.82
5 12 1032.3
5 13 507.67
5 14 1776.43
5 15 832.087
5 16 1590.84
5 17 1298.5
5 18 1666.58
5 19 1037.47
5 20 1595.75
5 21 1326.23
5 22 1786.98
5 23 1652.69
5 24 1366.76
5 25 1179.43
5 26 1020.77
5 27 1700.64
5 28 952.21
5 29 2039.69
5 30 1083.2
5 31 1015.37
5 32 2437.25
5 33 1723
5 34 1527.55
5 35 1201.92
5 36 1546.11
5 37 779.339
5 38 1567.14
5 39 2300.08
5 40 2256.42
5 41 1997.2
5 42 1308.64
5 43 816.843
5 44 1749.96
5 45 801.07
5 46 1598.38
5 47 330.915
5 48 1720.46
5 49 811.756
5 50 366.58
5 51 633.544
5 52 834.49
5 53 1749.38
5 54 574.321
5 55 2134.69
5 56 1960.82
5 57 916.745
5 58 1718.85
5 59 1852.71
5 60 1085.76
5 61 1574.61
5 62 1674.11
5 63 620.137
5 64 1409.44
5 65 1091.16
5 66 1423.92
5 67 2236.64
5 68 1518.04
5 69 1767.88
5 70 1386.46
5 71 1664.09
5 72 1358.62
5 73 1837.07
5 74 1644.89
5 75 62.9682
5 76 1024.19
5 77 1622.42
5 78 584.277
5 79 1564.54
5 80 1682.08
5 81 1369.13
5 82 1784.08
5 83 2261.29
5 84 726.829
5 85 2195.66
5 86 1003.14
5 87 2160.61
5 88 2254.94
5 89 1409.65
5 90 1937.36
5 91 1282.53
5 92 1235.66
5 93 1901.28
5 94 1148.16
5 95 692.026
5 96 1599.17
5 97 1497.81
5 98 2420.28
5 99 1240.92
5 100 1757.13
5 101 1213.97
5 102 725.839
5 103 767.47
5 104 663.528
5 105 1066.66
5 106 1816.02
6 1 406.054
6 2 1358.2
6 3 1798.76
6 4 457.683
6 5 1197.44
6 7 264.32
6 8 1372.21
6 9 390.579
6 10 1483.53
6 11 1458.69
6 12 1264
6 13 708.217
6 14 1546.72
6 15 1395.88
6 16 1828.8
6 17 1097.08
6 18 1810.42
6 19 204.167
6 20 1605.37
6 21 1443.43
6 22 1996.09
6 23 483.508
6 24 202.549
6 25 474.437
6 26 277.218
6 27 1647.27
6 28 260.647
6 29 1539.03
6 30 122.984
6 31 1340.75
6 32 1808.91
6 33 785.738
6 34 332.521
6 35 1038.97
6 36 1454.21
6 37 902.072
6 38 1884.46
6 39 1754.92
6 40 1769.39
6 41 1539.19
6 42 999.646
6 43 433.336
6 44 901.92
6 45 961.15
6 46 513.355
6 47 1293.78
6 48 2056.12
6 49 433.005
6 50 830.889
6 51 1075.63
6 52 1263.89
6 53 566.742
6 54 1114.08
6 55 1749.97
6 56 1724.69
6 57 1335.74
6 58 1552.8
6 59 1226.61
6 60 1622.77
6 61 418.226
6 62 653.582
6 63 1178.43
6 64 358.218
6 65 239.616
6 66 1094.26
6 67 1748.31
6 68 513.163
6 69 1114.39
6 70 1561.66
6 71 691.122
6 72 570.464
6 73 1176.34
6 74 1768.93
6 75 1203.6
6 76 643.809
6 77 453.848
6 78 615.549
6 79 730.13
6 80 713.477
6 81 950.977
6 82 1563.56
6 83 1750.65
6 84 483.343
6 85 1515.6
6 86 1007.75
6 87 1332.61
6 88 1469.93
6 89 541.599
6 90 1515.15
6 91 952.404
6 92 681.517
6 93 1201.48
6 94 50.1597
6 95 880.862
6 96 1554.54
6 97 1433.86
6 98 1722.61
6 99 1247.28
6 100 758.046
6 101 1124.19
6 102 1017.17
6 103 1103.45
6 104 1348.01
6 105 188.6
6 106 635.492
7 1 613
7 2 1311.09
7 3 1612.3
7 4 285.281
7 5 995.48
7 6 264.32
7 8 1297.9
7 9 158.382
7 10 1300.27
7 11 1200.38
7 12 1009
7 13 551.102
7 14 1367.75
7 15 1131.57
7 16 1589.31
7 17 886.747
7 18 1580.94
7 19 60.208
7 20 1387.46
7 21 1205.69
7 22 1763.16
7 23 659.255
7 24 380.012
7 25 322.684
7 26 45.2217
7 27 1440.42
7 28 236.212
7 29 1423.94
7 30 221.653
7 31 1082.28
7 32 1739.3
7 33 799.138
7 34 554.539
7 35 816.927
7 36 1245.94
7 37 639.007
7 38 1638.6
7 39 1659.46
7 40 1658.47
7 41 1412.67
7 42 802.986
7 43 185.043
7 44 877.563
7 45 698.757
7 46 610.451
7 47 1051.89
7 48 1811.51
7 49 367.793
7 50 636.94
7 51 812.213
7 52 1000.23
7 53 759.122
7 54 852.658
7 55 1612.65
7 56 1553.7
7 57 1073.27
7 58 1361.78
7 59 1134.88
7 60 1360.23
7 61 681.575
7 62 709.606
7 63 915.77
7 64 421.361
7 65 101.257
7 66 910.618
7 67 1637.1
7 68 550.88
7 69 1025.48
7 70 1321.68
7 71 719.462
7 72 484.025
7 73 1093.53
7 74 1540.78
7 75 992.152
7 76 413.232
7 77 629.213
7 78 417.085
7 79 686.517
7 80 740.49
7 81 776.322
7 82 1383.44
7 83 1645.51
7 84 270.601
7 85 1453.83
7 86 759.603
7 87 1318.73
7 88 1443.66
7 89 495.149
7 90 1378.44
7 91 755.854
7 92 512.035
7 93 1133.69
7 94 220.057
7 95 616.604
7 96 1342.88
7 97 1220.15
7 98 1672.74
7 99 1014.05
7 100 805.256
7 101 896.889
7 102 752.932
7 103 839.539
7 104 1085.76
7 105 80.2808
7 106 889.002
8 1 1240.18
8 2 141.089
8 3 830.73
8 4 1020.47
8 5 2030.48
8 6 1372.21
8 7 1297.9
8 9 1167.71
8 10 651.326
8 11 1357.28
8 12 1214.88
8 13 1769.98
8 14 645.418
8 15 1543.53
8 16 1297.34
8 17 795.693
8 18 1180.31
8 19 1312.7
8 20 960.576
8 21 1074.4
8 22 1338.74
8 23 1144.34
8 24 1223.86
8 25 978.088
8 26 1252.69
8 27 891.224
8 28 1525.63
8 29 274.973
8 30 1445.97
8 31 1304.33
8 32 441.47
8 33 645.961
8 34 1285.19
8 35 875.491
8 36 821.18
8 37 1263.23
8 38 1411.56
8 39 394.576
8 40 441.045
8 41 331.485
8 42 740.612
8 43 1373.4
8 44 495.065
8 45 1258.81
8 46 962.635
8 47 1879.13
8 48 1515.33
8 49 1664.33
8 50 1772.92
8 51 1465.45
8 52 1413.08
8 53 1193.25
8 54 1539.43
8 55 522.335
8 56 685.677
8 57 1399.25
8 58 730.3
8 59 177.89
8 60 1561.89
8 61 1537.29
8 62 810.188
8 63 1541.94
8 64 1031.36
8 65 1217.32
8 66 645.747
8 67 423.079
8 68 888.046
8 69 275.485
8 70 1150.96
8 71 739.522
8 72 818.134
8 73 205.412
8 74 1141.99
8 75 1993.39
8 76 1028.31
8 77 1147.86
8 78 1604.62
8 79 642.823
8 80 721.133
8 81 663.702
8 82 660.019
8 83 409.295
8 84 1486.18
8 85 165.424
8 86 1074.75
8 87 308.629
8 88 285.687
8 89 831.563
8 90 375.281
8 91 756.701
8 92 828.369
8 93 171.353
8 94 1376.34
8 95 1343.74
8 96 885.732
8 97 857.029
8 98 391.082
8 99 971.926
8 100 729.636
8 101 909.234
8 102 1352.42
8 103 1358.21
8 104 1651.03
8 105 1292.72
8 106 1533.92
9 1 667.994
9 2 1191.87
9 3 1454.01
9 4 148.223
9 5 1011.79
9 6 390.579
9 7 158.382
9 8 1167.71
9 10 1142.25
9 11 1071.05
9 12 874.486
9 13 624.375
9 14 1210
9 15 1027.64
9 16 1441.04
9 17 728.92
9 18 1428.14
9 19 205.767
9 20 1231.32
9 21 1056.18
9 22 1611.8
9 23 689.814
9 24 443.497
9 25 193.313
9 26 122.156
9 27 1282.68
9 28 390.933
9 29 1278.88
9 30 374.989
9 31 953.468
9 32 1607.75
9 33 722.407
9 34 624.316
9 35 660.928
9 36 1088.22
9 37 527.357
9 38 1494.51
9 39 1519.36
9 40 1513.64
9 41 1264.46
9 42 644.659
9 43 216.49
9 44 777.64
9 45 583.008
9 46 595.605
9 47 1017.08
9 48 1666.55
9 49 501.83
9 50 674.519
9 51 725.461
9 52 888.785
9 53 795.543
9 54 775.919
9 55 1461.15
9 56 1396.55
9 57 955.299
9 58 1203.42
9 59 999.78
9 60 1241.64
9 61 792.033
9 62 662.333
9 63 832.145
9 64 412.146
9 65 153.675
9 66 753.017
9 67 1492.26
9 68 506.596
9 69 892.859
9 70 1173.52
9 71 655.471
9 72 373.771
9 73 962.346
9 74 1387.49
9 75 998.599
9 76 258.182
9 77 661.636
9 78 468.129
9 79 584.755
9 80 674.479
9 81 620.426
9 82 1225.59
9 83 1502.44
9 84 330.388
9 85 1327.16
9 86 617.182
9 87 1214.47
9 88 1332.15
9 89 407.149
9 90 1227.78
9 91 597.566
9 92 360.573
9 93 1008.02
9 94 355.218
9 95 524.047
9 96 1185.64
9 97 1063.12
9 98 1549.2
9 99 862.147
9 100 747.322
9 101 742.54
9 102 650.305
9 103 731.413
9 104 1002.2
9 105 207.735
9 106 977.078
10 1 1529.66
10 2 789.856
10 3 315.298
10 4 1031.06
10 5 1705.43
10 6 1483.53
10 7 1300.27
10 8 651.326
10 9 1142.25
10 11 791.788
10 12 713.484
10 13 1606.14
10 14 72.7805
10 15 1030.06
10 16 646.016
10 17 439.739
10 18 531.588
10 19 1341.28
10 20 310
10 21 479.226
10 22 700.378
10 23 1466.02
10 24 1413.11
10 25 1009.46
10 26 1260.48
10 27 246.489
10 28 1531.88
10 29 459.609
10 30 1507.31
10 31 778.035
10 32 865.708
10 33 1028.65
10 34 1542.78
10 35 533.476
10 36 197.59
10 37 945.569
10 38 760.592
10 39 684.187
10 40 604.861
10 41 390.226
10 42 498.931
10 43 1285.56
10 44 891.53
10 45 910.73
10 46 1270.04
10 47 1472.23
10 48 866.893
10 49 1616.47
10 50 1548.83
10 51 1075.82
10 52 933.272
10 53 1549.61
10 54 1142.42
10 55 443.301
10 56 265.189
10 57 887.419
10 58 88.2043
10 59 564.575
10 60 974.353
10 61 1787.96
10 62 1161.95
10 63 1117.17
10 64 1237.92
10 65 1260.7
10 66 390.744
10 67 589.449
10 68 1149.88
10 69 605.166
10 70 524.976
10 71 1085.8
10 72 945.881
10 73 613.726
10 74 491.935
10 75 1654.73
10 76 902.202
10 77 1456.24
10 78 1448.2
10 79 903.812
10 80 1078.37
10 81 532.558
10 82 85.0941
10 83 625.843
10 84 1377.33
10 85 758.425
10 86 710.595
10 87 950.508
10 88 933.309
10 89 1009.41
10 90 319.453
10 91 545.382
10 92 802.373
10 93 676.846
10 94 1465.23
10 95 1037.27
10 96 236.764
10 97 246.293
10 98 925.262
10 99 471.222
10 100 1130.56
10 101 496.488
10 102 979.653
10 103 944.686
10 104 1174.85
10 105 1334.39
10 106 1869.42
11 1 1698.39
11 2 1476.31
11 3 929.534
11 4 1057.12
11 5 1085.82
11 6 1458.69
11 7 1200.38
11 8 1357.28
11 9 1071.05
11 10 791.788
11 12 203.531
11 13 1207.21
11 14 847.096
11 15 270.387
11 16 506.016
11 17 599.27
11 18 584.415
11 19 1259.46
11 20 566.806
11 21 314.46
11 22 703.035
11 23 1684.57
11 24 1497.44
11 25 1070.8
11 26 1181.66
11 27 683.059
11 28 1367.17
11 29 1235.18
11 30 1416.43
11 31 118.106
11 32 1651.03
11 33 1429.61
11 34 1672.59
11 35 563.491
11 36 595.202
11 37 571.13
11 38 497.764
11 39 1474.18
11 40 1396.6
11 41 1171.14
11 42 703.196
11 43 1076.8
11 44 1355.13
11 45 508.985
11 46 1522.74
11 47 783.716
11 48 665.751
11 49 1363.7
11 50 1083.23
11 51 506.503
11 52 263.23
11 53 1789.38
11 54 535.726
11 55 1227.75
11 56 994.389
11 57 173.159
11 58 763.207
11 59 1209.61
11 60 212.021
11 61 1862.03
11 62 1491.1
11 63 473.714
11 64 1394.43
11 65 1224.72
11 66 742.796
11 67 1381.23
11 68 1394.2
11 69 1183.07
11 70 321.237
11 71 1434.19
11 72 1144.76
11 73 1230.57
11 74 567.226
11 75 1025.09
11 76 838.776
11 77 1662.35
11 78 1097.03
11 79 1250.06
11 80 1439.44
11 81 812.665
11 82 846.584
11 83 1417.27
11 84 1109.96
11 85 1498.71
11 86 470.083
11 87 1608.27
11 88 1638.7
11 89 1226.77
11 90 1100.32
11 91 722.139
11 92 931.518
11 93 1306.23
11 94 1418.67
11 95 625.512
11 96 599.867
11 97 545.55
11 98 1693.14
11 99 390.283
11 100 1516
11 101 488.23
11 102 488.529
11 103 399.881
11 104 441.47
11 105 1270.68
11 106 2031.49
12 1 1495.37
12 2 1325.3
12 3 914.287
12 4 854.789
12 5 1032.3
12 6 1264
12 7 1009
12 8 1214.88
12 9 874.486
12 10 713.484
12 11 203.531
12 13 1071.97
12 14 778.569
12 15 330.058
12 16 619.717
12 17 428.077
12 18 659.298
12 19 1067.28
12 20 563.454
12 21 294.567
12 22 812.761
12 23 1481.04
12 24 1296.22
12 25 867.655
12 26 987.835
12 27 669.831
12 28 1186.99
12 29 1125.64
12 30 1227.64
12 31 99.1262
12 32 1543.58
12 33 1235.02
12 34 1470.51
12 35 375.341
12 36 531.129
12 37 398.045
12 38 644.05
12 39 1376.4
12 40 1309.43
12 41 1067.29
12 42 520.038
12 43 896.69
12 44 1168.01
12 45 337.095
12 46 1319.77
12 47 767.297
12 48 817.765
12 49 1198.09
12 50 965.205
12 51 405.349
12 52 219.893
12 53 1585.86
12 54 458.154
12 55 1156.71
12 56 949.442
12 57 184.719
12 58 707.248
12 59 1056.7
12 60 404.811
12 61 1663.41
12 62 1291.02
12 63 417.085
12 64 1190.99
12 65 1027.94
12 66 578.16
12 67 1292.18
12 68 1191.51
12 69 1017.94
12 70 371.381
12 71 1235.73
12 72 942.364
12 73 1070.88
12 74 630.317
12 75 975.851
12 76 637.097
12 77 1458.84
12 78 946.155
12 79 1054.02
12 80 1241.74
12 81 627.976
12 82 782.402
12 83 1324.74
12 84 941.053
12 85 1364.9
12 86 266.813
12 87 1447.36
12 88 1489.94
12 89 1024.3
12 90 998.564
12 91 533.001
12 92 729.231
12 93 1146.41
12 94 1225.42
12 95 468.028
12 96 570.537
12 97 480.433
12 98 1570.14
12 99 251.4
12 100 1319.14
12 101 312.41
12 102 347.062
12 103 274.263
12 104 461.832
12 105 1076.94
12 106 1829.45
13 1 1113.45
13 2 1807.03
13 3 1891.54
13 4 769.63
13 5 507.67
13 6 708.217
13 7 551.102
13 8 1769.98
13 9 624.375
13 10 1606.14
13 11 1207.21
13 12 1071.97
13 14 1678.72
13 15 1024.08
13 16 1690.47
13 17 1166.76
13 18 1727.67
13 19 578.135
13 20 1590.82
13 21 1347.15
13 22 1884.62
13 23 1182.12
13 24 892.911
13 25 816.001
13 26 587.403
13 27 1675
13 28 452.762
13 29 1843.42
13 30 588.572
13 31 1102.25
13 32 2203.74
13 33 1341.05
13 34 1040.72
13 35 1072.84
13 36 1491.33
13 37 691.272
13 38 1702.3
13 39 2096.31
13 40 2075.03
13 41 1816.37
13 42 1130.31
13 43 407.922
13 44 1402
13 45 744.829
13 46 1158.99
13 47 699.493
13 48 1872.53
13 49 304.113
13 50 164.305
13 51 703.952
13 52 948.849
13 53 1272.29
13 54 693.728
13 55 1990.84
13 56 1871.32
13 57 1039.56
13 58 1644.8
13 59 1595.86
13 60 1292.69
13 61 1069.03
13 62 1260.25
13 63 766.463
13 64 971.039
13 65 652.347
13 66 1251.92
13 67 2053.96
13 68 1101.35
13 69 1495
13 70 1441.02
13 71 1266.48
13 72 998.041
13 73 1565.64
13 74 1695.53
13 75 528.443
13 76 750.287
13 77 1151.8
13 78 165.955
13 79 1209.13
13 80 1286.9
13 81 1152.53
13 82 1690.83
13 83 2070.33
13 84 294.211
13 85 1933.14
13 86 917.005
13 87 1837.74
13 88 1952.21
13 89 1028.27
13 90 1768.16
13 91 1090.92
13 92 941.684
13 93 1618.07
13 94 660.981
13 95 607.971
13 96 1570
13 97 1451.31
13 98 2157.86
13 99 1198.35
13 100 1354.36
13 101 1121.44
13 102 726.681
13 103 809.996
13 104 901.275
13 105 608.067
13 106 1312.42
14 1 1581.23
14 2 785.947
14 3 256.301
14 4 1096.27
14 5 1776.43
14 6 1546.72
14 7 1367.75
14 8 645.418
14 9 1210
14 10 72.7805
14 11 847.096
14 12 778.569
14 13 1678.72
14 15 1091.08
14 16 660.303
14 17 512.142
14 18 536.806
14 19 1407.84
14 20 333.642
14 21 532.827
14 22 693.952
14 23 1514.49
14 24 1471.18
14 25 1073.36
14 26 1327.52
14 27 247.455
14 28 1600.17
14 29 429.536
14 30 1573.15
14 31 839.586
14 32 823.284
14 33 1066.38
14 34 1596.91
14 35 606.163
14 36 252.723
14 37 1018.08
14 38 777.082
14 39 637.672
14 40 552.226
14 41 357.946
14 42 568.272
14 43 1356.18
14 44 924.807
14 45 982.797
14 46 1317.98
14 47 1540.19
14 48 870.848
14 49 1686.83
14 50 1621.6
14 51 1145.97
14 52 998.456
14 53 1595.61
14 54 1211.98
14 55 381.42
14 56 192.629
14 57 949.705
14 58 92.8924
14 59 577.803
14 60 1023.34
14 61 1843.87
14 62 1204.7
14 63 1185.35
14 64 1293.34
14 65 1326.1
14 66 457.194
14 67 538.198
14 68 1200.15
14 69 630.448
14 70 566.739
14 71 1127.94
14 72 1002.98
14 73 631.089
14 74 500.289
14 75 1725.36
14 76 972.137
14 77 1505.75
14 78 1520.57
14 79 949.839
14 80 1119.38
14 81 596.4
14 82 18.4391
14 83 576.515
14 84 1448.73
14 85 739.001
14 86 782.98
14 87 950.329
14 88 921.908
14 89 1064.02
14 90 289.995
14 91 614.291
14 92 866.585
14 93 689.27
14 94 1529.51
14 95 1109.77
14 96 267.589
14 97 303.449
14 98 892.749
14 99 539.708
14 100 1168.16
14 101 568.909
14 102 1050.81
14 103 1014.31
14 104 1238.92
14 105 1400.31
14 106 1918.99
15 1 1688.3
15 2 1651.4
15 3 1194.12
15 4 1051.64
15 5 832.087
15 6 1395.88
15 7 1131.57
15 8 1543.53
15 9 1027.64
15 10 1030.06
15 11 270.387
15 12 330.058
15 13 1024.08
15 14 1091.08
15 16 763.535
15 17 751.417
15 18 852.188
15 19 1191.76
15 20 831.568
15 21 568.014
15 22 957.823
15 23 1692.16
15 24 1470.25
15 25 1076.13
15 26 1122.6
15 27 946.616
15 28 1260.41
15 29 1453.89
15 30 1332.97
15 31 252.127
15 32 1871.95
15 33 1513.06
15 34 1650.55
15 35 685.773
15 36 838.83
15 37 500.546
15 38 735.055
15 39 1702.38
15 40 1631.97
15 41 1394.23
15 42 831.689
15 43 979.245
15 44 1463.55
15 45 448.108
15 46 1551.28
15 47 518.599
15 48 890.3
15 49 1224.95
15 50 882.572
15 51 335.181
15 52 150.27
15 53 1799.01
15 54 330.51
15 55 1472.22
15 56 1249.94
15 57 145.647
15 58 1012.59
15 59 1382.88
15 60 269.981
15 61 1811.84
15 62 1547.1
15 63 257.624
15 64 1399.57
15 65 1177.1
15 66 902.546
15 67 1615.33
15 68 1428.96
15 69 1338.43
15 70 590.859
15 71 1500.3
15 72 1188.04
15 73 1394.13
15 74 836.742
15 75 770.001
15 76 837.031
15 77 1666.91
15 78 940.479
15 79 1330.05
15 80 1509.32
15 81 935.201
15 82 1092.76
15 83 1649.1
15 84 985.609
15 85 1694.63
15 86 521.046
15 87 1768.55
15 88 1816.48
15 89 1267.32
15 90 1324.82
15 91 836.239
15 92 982.088
15 93 1469.27
15 94 1350.93
15 95 515.895
15 96 857.8
15 97 787.844
15 98 1900.17
15 99 580.293
15 100 1588.95
15 101 636.008
15 102 379.012
15 103 296.557
15 104 173.173
15 105 1208.61
15 106 2004.72
16 1 1991.14
16 2 1435.55
16 3 594.718
16 4 1384.13
16 5 1590.84
16 6 1828.8
16 7 1589.31
16 8 1297.34
16 9 1441.04
16 10 646.016
16 11 506.016
16 12 619.717
16 13 1690.47
16 14 660.303
16 15 763.535
16 17 769.525
16 18 140.431
16 19 1644.15
16 20 337.871
16 21 385.467
16 22 197.307
16 23 1952.51
16 24 1822.43
16 25 1382.84
16 26 1561.31
16 27 414.48
16 28 1786.92
16 29 1088.59
16 30 1810.95
16 31 593.553
16 32 1463.09
16 33 1589.78
16 34 1982.87
16 35 800.596
16 36 496.215
16 37 1014.75
16 38 117.886
16 39 1272.33
16 40 1173.33
16 41 1016.62
16 42 886.799
16 43 1500.01
16 44 1474.69
16 45 955.139
16 46 1767.8
16 47 1282.13
16 48 241.365
16 49 1812.16
16 50 1577.28
16 51 1003.2
16 52 766.208
16 53 2049.61
16 54 1039.16
16 55 980.531
16 56 716.761
16 57 678.189
16 58 570.008
16 59 1200.24
16 60 552.935
16 61 2202.47
16 62 1694.32
16 63 979.247
16 64 1681.69
16 65 1589.21
16 66 852.048
16 67 1164.17
16 68 1638.06
16 69 1220.85
16 70 267.643
16 71 1624.44
16 72 1396.63
16 73 1243.03
16 74 164.222
16 75 1529.68
16 76 1185.01
16 77 1935.79
16 78 1565.71
16 79 1432.05
16 80 1622.83
16 81 981.128
16 82 648.891
16 83 1206.15
16 84 1554.41
16 85 1399.16
16 86 832.645
16 87 1594.53
16 88 1578.78
16 89 1475.07
16 90 950.019
16 91 926.732
16 92 1197.72
16 93 1311.58
16 94 1796.03
16 95 1087.69
16 96 413.961
16 97 478.875
16 98 1547.24
16 99 583.545
16 100 1688.51
16 101 711.124
16 102 963.87
16 103 883.127
16 104 936.523
16 105 1648.7
16 106 2335.61
17 1 1222.93
17 2 900.094
17 3 736.981
17 4 639.988
17 5 1298.5
17 6 1097.08
17 7 886.747
17 8 795.693
17 9 728.92
17 10 439.739
17 11 599.27
17 12 428.077
17 13 1166.76
17 14 512.142
17 15 751.417
17 16 769.525
17 18 724.986
17 19 933.651
17 20 509.009
17 21 402.517
17 22 914.582
17 23 1183.02
17 24 1064.14
17 25 629.925
17 26 850.527
17 27 553.763
17 28 1111.33
17 29 747.027
17 30 1102.65
17 31 523.637
17 32 1157.05
17 33 849.845
17 34 1218.03
17 35 97.5756
17 36 359.344
17 37 521.967
17 38 850.653
17 39 1006.75
17 40 958.276
17 41 700.201
17 42 118.701
17 43 852.451
17 44 760.992
17 45 497.848
17 46 999.545
17 47 1102.38
17 48 1009.5
17 49 1183.9
17 50 1114.44
17 51 689.303
17 52 617.603
17 53 1280.61
17 54 761.699
17 55 841.02
17 56 704.77
17 57 609.378
17 58 485.644
17 59 631.716
17 60 811.272
17 61 1445.75
17 62 935.575
17 63 754.593
17 64 914.292
17 65 862.451
17 66 151.159
17 67 938.691
17 68 869.416
17 69 589.892
17 70 519.648
17 71 869.952
17 72 627.152
17 73 643.268
17 74 681.799
17 75 1252.54
17 76 476.354
17 77 1166.29
17 78 1008.46
17 79 678.552
17 80 871.319
17 81 223.258
17 82 524.684
17 83 964.603
17 84 940.192
17 85 951.576
17 86 297.236
17 87 1019.32
17 88 1065.31
17 89 705.61
17 90 639.015
17 91 157.29
17 92 433.022
17 93 718.672
17 94 1071.53
17 95 612.699
17 96 457.922
17 97 336.788
17 98 1165.26
17 99 218.888
17 100 943.04
17 101 115.802
17 102 581.173
17 103 570.938
17 104 855.61
17 105 931.273
17 106 1567.85
18 1 1945.47
18 2 1319.97
18 3 454.472
18 4 1357.96
18 5 1666.58
18 6 1810.42
18 7 1580.94
18 8 1180.31
18 9 1428.14
18 10 531.588
18 11 584.415
18 12 659.298
18 13 1727.67
18 14 536.806
18 15 852.188
18 16 140.431
18 17 724.986
18 19 1633.41
18 20 238.55
18 21 384.666
18 22 190.224
18 23 1899.92
18 24 1788.67
18 25 1352
18 26 1549.89
18 27 289.456
18 28 1788.64
18 29 961.063
18 30 1802
18 31 653.483
18 32 1327.75
18 33 1513.47
18 34 1942.69
18 35 771.869
18 36 408.534
18 37 1040.51
18 38 255.55
18 39 1136.69
18 40 1036.41
18 41 889.046
18 42 837.646
18 43 1506.73
18 44 1390.67
18 45 983.915
18 46 1710.89
18 47 1368.12
18 48 335.36
18 49 1827.2
18 50 1624.48
18 51 1059
18 52 833.046
18 53 1993.87
18 54 1102.53
18 55 842.882
18 56 578.972
18 57 749.963
18 58 450.016
18 59 1094.08
18 60 666.791
18 61 2170.19
18 62 1627.23
18 63 1048.07
18 64 1638.06
18 65 1571.9
18 66 785.573
18 67 1027.82
18 68 1582.62
18 69 1123.83
18 70 287.92
18 71 1555.05
18 72 1347.76
18 73 1140.32
18 74 44.2041
18 75 1606.69
18 76 1170.02
18 77 1884.97
18 78 1594.26
18 79 1363.85
18 80 1551.73
18 81 923.043
18 82 523.86
18 83 1070.07
18 84 1570.09
18 85 1274.73
18 86 838.041
18 87 1481.86
18 88 1458.64
18 89 1423.62
18 90 824.243
18 91 880.954
18 92 1158
18 93 1206.2
18 94 1780.68
18 95 1120
18 96 313.121
18 97 404.022
18 98 1415.74
18 99 567.073
18 100 1613.8
18 101 686.372
18 102 1006.08
18 103 931.992
18 104 1024.85
18 105 1635.43
18 106 2290.56
19 1 562.91
19 2 1319.54
19 3 1654.52
19 4 315.357
19 5 1037.47
19 6 204.167
19 7 60.208
19 8 1312.7
19 9 205.767
19 10 1341.28
19 11 1259.46
19 12 1067.28
19 13 578.135
19 14 1407.84
19 15 1191.76
19 16 1644.15
19 17 933.651
19 18 1633.41
19 20 1437.02
19 21 1259.91
19 22 1816.52
19 23 615.22
19 24 330.856
19 25 347.52
19 26 83.6301
19 27 1487.36
19 28 212.925
19 29 1448.77
19 30 169.26
19 31 1141.38
19 32 1754.08
19 33 790.587
19 34 501.44
19 35 866.682
19 36 1292.99
19 37 699.046
19 38 1694.94
19 39 1680.14
19 40 1682.79
19 41 1440.2
19 42 846.102
19 43 237.655
19 44 878.44
19 45 758.663
19 46 581.227
19 47 1105.09
19 48 1867.6
19 49 365.005
19 50 675.281
19 51 871.929
19 52 1060.39
19 53 712.697
19 54 911.663
19 55 1643.15
19 56 1592.14
19 57 1133.23
19 58 1404.79
19 59 1153.23
19 60 1420.2
19 61 621.727
19 62 690.525
19 63 975.213
19 64 394.548
19 65 95.5196
19 66 950.778
19 67 1661.45
19 68 533.25
19 69 1042.66
19 70 1376.51
19 71 706.65
19 72 494.899
19 73 1109.57
19 74 1592.91
19 75 1036.74
19 76 463.778
19 77 584.953
19 78 454.802
19 79 690.062
19 80 728.227
19 81 813.607
19 82 1423.83
19 83 1668.45
19 84 310.664
19 85 1466.15
19 86 816.031
19 87 1319.5
19 88 1447.69
19 89 496.067
19 90 1408.34
19 91 798.755
19 92 545.858
19 93 1146.33
19 94 160
19 95 676.702
19 96 1390.88
19 97 1268.51
19 98 1682.8
19 99 1066.98
19 100 789.163
19 101 948.159
19 102 813.138
19 103 899.727
19 104 1145.08
19 105 29.9666
19 106 831.285
20 1 1718.8
20 2 1098.2
20 3 362.84
20 4 1148.81
20 5 1595.75
20 6 1605.37
20 7 1387.46
20 8 960.576
20 9 1231.32
20 10 310
20 11 566.806
20 12 563.454
20 13 1590.82
20 14 333.642
20 15 831.568
20 16 337.871
20 17 509.009
20 18 238.55
20 19 1437.02
20 21 270.958
20 22 424.887
20 23 1669.49
20 24 1570.62
20 25 1138.76
20 26 1353.46
20 27 116.778
20 28 1604.62
20 29 762.483
20 30 1606.28
20 31 593.614
20 32 1154.23
20 33 1275.41
20 34 1719.53
20 35 570.541
20 36 170.652
20 37 900.222
20 38 450.999
20 39 966.298
20 40 874.721
20 41 691.213
20 42 615.233
20 43 1331.29
20 44 1152.13
20 45 850.17
20 46 1478.68
20 47 1323.18
20 48 567.313
20 49 1658.87
20 50 1504.36
20 51 966.215
20 52 771.023
20 53 1761.75
20 54 1021.51
20 55 690.026
20 56 438.001
20 57 703.031
20 58 240.832
20 59 862.951
20 60 715.726
20 61 1952.07
20 62 1391.19
20 63 979.044
20 64 1413.53
20 65 1369.37
20 66 552.45
20 67 862.699
20 68 1351.4
20 69 887.596
20 70 253.338
20 71 1318.41
20 72 1121.06
20 73 906.885
20 74 194.987
20 75 1539.23
20 76 974.233
20 77 1655.48
20 78 1446.49
20 79 1127.81
20 80 1314.65
20 81 693.382
20 82 325.301
20 83 902.851
20 84 1405.18
20 85 1067.43
20 86 676.628
20 87 1256.69
20 88 1243.23
20 89 1195.03
20 90 622.294
20 91 660.547
20 92 939.086
20 93 974.567
20 94 1578.68
20 95 987.041
20 96 76.4003
20 97 174.011
20 98 1226.38
20 99 393.815
20 100 1375.94
20 101 493.356
20 102 892.558
20 103 832.714
20 104 995.139
20 105 1436.43
20 106 2063.63
21 1 1613.02
21 2 1201.3
21 3 629.299
21 4 999.29
21 5 1326.23
21 6 1443.43
21 7 1205.69
21 8 1074.4
21 9 1056.18
21 10 479.226
21 11 314.46
21 12 294.567
21 13 1347.15
21 14 532.827
21 15 568.014
21 16 385.467
21 17 402.517
21 18 384.666
21 19 1259.91
21 20 270.958
21 22 559.021
21 23 1579.47
21 24 1439
21 25 999.184
21 26 1176.84
21 27 381.965
21 28 1407.87
21 29 929.754
21 30 1427.31
21 31 324.025
21 32 1342.68
21 33 1248.36
21 34 1601.78
21 35 419.11
21 36 281.801
21 37 657.494
21 38 452.436
21 39 1163.16
21 40 1083.37
21 41 863.631
21 42 521.124
21 43 1123.85
21 44 1149.24
21 45 602.336
21 46 1399.42
21 47 1052.44
21 48 618.037
21 49 1442.78
21 50 1250.44
21 51 699.544
21 52 500.157
21 53 1678.94
21 54 752.455
21 55 913.29
21 56 682.59
21 57 434.416
21 58 448.876
21 59 941.179
21 60 497.226
21 61 1818.28
21 62 1338.06
21 63 708.414
21 64 1303.16
21 65 1203.86
21 66 513.939
21 67 1068.37
21 68 1268.99
21 69 933.235
21 70 120.341
21 71 1271.98
21 72 1023.23
21 73 971.062
21 74 349.585
21 75 1269.23
21 76 799.693
21 77 1561.41
21 78 1210.84
21 79 1080.13
21 80 1272.84
21 81 624.032
21 82 532.133
21 83 1105.05
21 84 1185.54
21 85 1206.59
21 86 454.463
21 87 1344.5
21 88 1359.43
21 89 1103.35
21 90 792.495
21 91 556.345
21 92 818.995
21 93 1045.35
21 94 1410.96
21 95 739.256
21 96 289.822
21 97 233.311
21 98 1392.21
21 99 199.449
21 100 1343.35
21 101 328.783
21 102 633.096
21 103 567.212
21 104 727.333
21 105 1263.91
21 106 1956.5
22 1 2135.63
22 2 1479.55
22 3 554.26
22 4 1545.29
22 5 1786.98
22 6 1996.09
22 7 1763.16
22 8 1338.74
22 9 1611.8
22 10 700.378
22 11 703.035
22 12 812.761
22 13 1884.62
22 14 693.952
22 15 957.823
22 16 197.307
22 17 914.582
22 18 190.224
22 19 1816.52
22 20 424.887
22 21 559.021
22 23 2090.09
22 24 1977.69
22 25 1540.29
22 26 1733.16
22 27 453.894
22 28 1966.89
22 29 1103.76
22 30 1984.61
22 31 790.373
22 32 1444.75
22 33 1699.89
22 34 2132.52
22 35 958.87
22 36 595.538
22 37 1204.63
22 38 241.969
22 39 1254.09
22 40 1149.09
22 41 1032.47
22 42 1027.72
22 43 1682.36
22 44 1574.45
22 45 1145.94
22 46 1900.84
22 47 1476.06
22 48 204.629
22 49 1998.74
22 50 1773.4
22 51 1200.08
22 52 963.514
22 53 2183.85
22 54 1236.46
22 55 954.529
22 56 696.141
22 57 875.416
22 58 614.46
22 59 1264.89
22 60 735.161
22 61 2359.1
22 62 1815.86
22 63 1176.46
22 64 1828.08
22 65 1757.09
22 66 975.141
22 67 1143.31
22 68 1772.7
22 69 1301.46
22 70 449.089
22 71 1743.24
22 72 1537.97
22 73 1313.8
22 74 234.182
22 75 1725.62
22 76 1354.04
22 77 2075.18
22 78 1757.28
22 79 1552.46
22 80 1739.54
22 81 1113.17
22 82 678.859
22 83 1186.27
22 84 1741.05
22 85 1420.94
22 86 1013
22 87 1644.28
22 88 1611.13
22 89 1613.84
22 90 972.116
22 91 1070.84
22 92 1347.5
22 93 1377.14
22 94 1965.43
22 95 1279.89
22 96 496.84
22 97 593.63
22 98 1545.01
22 99 749.657
22 100 1800.59
22 101 872.095
22 102 1158.5
22 103 1078.95
22 104 1130.38
22 105 1819.41
22 106 2480.73
23 1 110.725
23 2 1084.74
23 3 1769.22
23 4 640.52
23 5 1652.69
23 6 483.508
23 7 659.255
23 8 1144.34
23 9 689.814
23 10 1466.02
23 11 1684.57
23 12 1481.04
23 13 1182.12
23 14 1514.49
23 15 1692.16
23 16 1952.51
23 17 1183.02
23 18 1899.92
23 19 615.22
23 20 1669.49
23 21 1579.47
23 22 2090.09
23 24 289.209
23 25 618.128
23 26 639.914
23 27 1678.15
23 28 743.318
23 29 1372.75
23 30 606.387
23 31 1573.08
23 32 1544.57
23 33 498.738
23 34 185.607
23 35 1162.4
23 36 1501.37
23 37 1196.51
23 38 2031.45
23 39 1538.33
23 40 1580.61
23 41 1395.21
23 42 1065.91
23 43 842.947
23 44 652.534
23 45 1244.72
23 46 196.736
23 47 1701.49
23 48 2192.43
23 49 916.444
23 50 1289.88
23 51 1409.39
23 52 1545.96
23 53 106.963
23 54 1463.52
23 55 1614.04
23 56 1662.71
23 57 1599.53
23 58 1548.98
23 59 1045.52
23 60 1877.16
23 61 405.878
23 62 334.964
23 63 1516.58
23 64 292.828
23 65 569.86
23 66 1117.27
23 67 1561.24
23 68 318.453
23 69 942.962
23 70 1699.1
23 71 409.207
23 72 556.4
23 73 985.051
23 74 1855.91
23 75 1651.11
23 76 857.001
23 77 30.3645
23 78 1069.59
23 79 565.963
23 80 425.406
23 81 976.945
23 82 1532.82
23 83 1552.06
23 84 925.86
23 85 1254.66
23 86 1214.93
23 87 1007.85
23 88 1154.51
23 89 477.462
23 90 1393.47
23 91 1025.92
23 92 763.21
23 93 979.845
23 94 525.935
23 95 1208.04
23 96 1604.08
23 97 1497.2
23 98 1430.09
23 99 1382.23
23 100 418.638
23 101 1252.6
23 102 1324.37
23 103 1397.43
23 104 1685.28
23 105 586.053
23 106 405.475
24 1 233.019
24 2 1195.78
24 3 1726.91
24 4 443.549
24 5 1366.76
24 6 202.549
24 7 380.012
24 8 1223.86
24 9 443.497
24 10 1413.11
24 11 1497.44
24 12 1296.22
24 13 892.911
24 14 1471.18
24 15 1470.25
24 16 1822.43
24 17 1064.14
24 18 1788.67
24 19 330.856
24 20 1570.62
24 21 1439
24 22 1977.69
24 23 289.209
24 25 439.823
24 26 368.179
24 27 1598.77
24 28 457.407
24 29 1413.2
24 30 322.833
24 31 1381.53
24 32 1653.05
24 33 608.153
24 34 180.887
24 35 1021.94
24 36 1410.36
24 37 969.708
24 38 1889.08
24 39 1614.02
24 40 1637.97
24 41 1421.23
24 42 955.471
24 43 565.043
24 44 737.944
24 45 1023.76
24 46 315.774
24 47 1431.26
24 48 2056.98
24 49 631.447
24 50 1002.57
24 51 1167.78
24 52 1329.55
24 53 382.624
24 54 1215.59
24 55 1637.04
24 56 1639.34
24 57 1392.54
24 58 1488.83
24 59 1091.31
24 60 1677.13
24 61 381.619
24 62 463.919
24 63 1274.02
24 64 193.127
24 65 302.05
24 66 1033.71
24 67 1617.31
24 68 339.485
24 69 980.109
24 70 1559.18
24 71 510.721
24 72 468.509
24 73 1036.73
24 74 1745.72
24 75 1367.27
24 76 659.154
24 77 258.898
24 78 782.737
24 79 584.493
24 80 532.744
24 81 887.717
24 82 1488.81
24 83 1615.74
24 84 640.695
24 85 1358.53
24 86 1030.92
24 87 1155.71
24 88 1296.69
24 89 415.716
24 90 1404.97
24 91 910.124
24 92 631.63
24 93 1052.58
24 94 239.921
24 95 966.832
24 96 1512.94
24 97 1396.73
24 98 1557.67
24 99 1239.65
24 100 568.401
24 101 1111.32
24 102 1093.67
24 103 1173.75
24 104 1444.36
24 105 302.8
24 106 535.888
25 1 627.753
25 2 998.99
25 3 1324.58
25 4 46.6905
25 5 1179.43
25 6 474.437
25 7 322.684
25 8 978.088
25 9 193.313
25 10 1009.46
25 11 1070.8
25 12 867.655
25 13 816.001
25 14 1073.36
25 15 1076.13
25 16 1382.84
25 17 629.925
25 18 1352
25 19 347.52
25 20 1138.76
25 21 999.184
25 22 1540.29
25 23 618.128
25 24 439.823
25 26 277.705
25 27 1175.28
25 28 556.777
25 29 1102.12
25 30 504.386
25 31 957.485
25 32 1419.02
25 33 543.678
25 34 606.422
25 35 582.687
25 36 983.354
25 37 586.724
25 38 1449.42
25 39 1336.79
25 40 1336.45
25 41 1092.72
25 42 527.277
25 43 408.394
25 44 586.926
25 45 630.758
25 46 479.025
25 47 1148
25 48 1617.16
25 49 686.569
25 50 856.305
25 51 809.299
25 52 928.838
25 53 724.514
25 54 870.23
25 55 1296
25 56 1253.59
25 57 981.408
25 58 1078.37
25 59 812.927
25 60 1259.95
25 61 819.749
25 62 508.709
25 63 915.789
25 64 325.53
25 65 257.329
25 66 619.839
25 67 1315.09
25 68 365.724
25 69 704.307
25 70 1119.36
25 71 487.647
25 72 183.371
25 73 773.057
25 74 1309.44
25 75 1160.57
25 76 239.282
25 77 594.226
25 78 657.012
25 79 394.69
25 80 504.48
25 81 477.055
25 82 1090.01
25 83 1323.04
25 84 522.733
25 85 1136.17
25 86 600.843
25 87 1021.86
25 88 1138.84
25 89 231.102
25 90 1061.07
25 91 480.418
25 92 207.135
25 93 816.471
25 94 456.213
25 95 612.36
25 96 1084.73
25 97 965.709
25 98 1357.34
25 99 799.851
25 100 581.698
25 101 671.733
25 102 715.487
25 103 783.493
25 104 1080.84
25 105 334.096
25 106 964.624
26 1 600.541
26 2 1266.24
26 3 1573.18
26 4 241.006
26 5 1020.77
26 6 277.218
26 7 45.2217
26 8 1252.69
26 9 122.156
26 10 1260.48
26 11 1181.66
26 12 987.835
26 13 587.403
26 14 1327.52
26 15 1122.6
26 16 1561.31
26 17 850.527
26 18 1549.89
26 19 83.6301
26 20 1353.46
26 21 1176.84
26 22 1733.16
26 23 639.914
26 24 368.179
26 25 277.705
26 27 1404.28
26 28 280.03
26 29 1379.32
26 30 252.834
26 31 1063.67
26 32 1694.08
26 33 758.178
26 34 546.498
26 35 783.084
26 36 1209.87
26 37 626.077
26 38 1613.02
26 39 1614.42
26 40 1613.8
26 41 1368.48
26 42 764.234
26 43 204.475
26 44 834.008
26 45 684.573
26 46 579.718
26 47 1064.19
26 48 1785.48
26 49 412.738
26 50 665.992
26 51 808.359
26 52 988.342
26 53 741.874
26 54 852.115
26 55 1569.11
26 56 1512.75
26 57 1059.03
26 58 1323.07
26 59 1089.69
26 60 1346.03
26 61 689.386
26 62 673
26 63 913.226
26 64 390.244
26 65 70.6116
26 66 870.333
26 67 1592.43
26 68 514.068
26 69 980.262
26 70 1293.69
26 71 680.147
26 72 439.191
26 73 1048.31
26 74 1509.34
26 75 1015.06
26 76 380.158
26 77 610.22
26 78 447.662
26 79 642.573
26 80 700.928
26 81 734.736
26 82 1343.36
26 83 1600.67
26 84 301.015
26 85 1408.7
26 86 734.425
26 87 1275.03
26 88 1399.36
26 89 452.018
26 90 1334.73
26 91 716.961
26 92 469.068
26 93 1088.55
26 94 237.626
26 95 610.03
26 96 1307.55
26 97 1185.11
26 98 1627.73
26 99 983.57
26 100 767.127
26 101 864.542
26 102 743.592
26 103 828.525
26 104 1083.61
26 105 89.1067
26 106 888.651
27 1 1734.12
27 2 1031.19
27 3 247.645
27 4 1189.6
27 5 1700.64
27 6 1647.27
27 7 1440.42
27 8 891.224
27 9 1282.68
27 10 246.489
27 11 683.059
27 12 669.831
27 13 1675
27 14 247.455
27 15 946.616
27 16 414.48
27 17 553.763
27 18 289.456
27 19 1487.36
27 20 116.778
27 21 381.965
27 22 453.894
27 23 1678.15
27 24 1598.77
27 25 1175.28
27 26 1404.28
27 28 1663.35
27 29 674.188
27 30 1656.27
27 31 705.941
27 32 1053.61
27 33 1260.86
27 34 1740.24
27 35 628.258
27 36 194.487
27 37 987.764
27 38 531.956
27 39 863.961
27 40 768.96
27 41 602.2
27 42 648.035
27 43 1397.14
27 44 1129.12
27 45 940.91
27 46 1484.32
27 47 1433.75
27 48 624.119
27 49 1727.25
27 50 1595.42
27 51 1068.7
27 52 881.419
27 53 1766.53
27 54 1126.45
27 55 580.745
27 56 323.975
27 57 816.075
27 58 161.533
27 59 811.045
27 60 831.611
27 61 1978.7
27 62 1386.41
27 63 1086.77
27 64 1433.59
27 65 1414.87
27 66 566.427
27 67 758.061
27 68 1359.84
27 69 849.297
27 70 369.85
27 71 1311.62
27 72 1139.58
27 73 860.005
27 74 253.008
27 75 1645.02
27 76 1028.9
27 77 1666.06
27 78 1526.52
27 79 1124.5
27 80 1305.93
27 81 711.959
27 82 235.002
27 83 799.113
27 84 1476.74
27 85 986.099
27 86 758
27 87 1193.99
27 88 1169.19
27 89 1209.67
27 90 536.076
27 91 695.075
27 92 970.889
27 93 923.312
27 94 1623.49
27 95 1076.6
27 96 105.119
27 97 225.621
27 98 1133.37
27 99 478.072
27 100 1362.48
27 101 560.515
27 102 989.825
27 103 934.681
27 104 1108.75
27 105 1484.59
27 106 2077.46
28 1 666.202
28 2 1531.43
28 3 1842.3
28 4 521.035
28 5 952.21
28 6 260.647
28 7 236.212
28 8 1525.63
28 9 390.933
28 10 1531.88
28 11 1367.17
28 12 1186.99
28 13 452.762
28 14 1600.17
28 15 1260.41
28 16 1786.92
28 17 1111.33
28 18 1788.64
28 19 212.925
28 20 1604.62
28 21 1407.87
28 22 1966.89
28 23 743.318
28 24 457.407
28 25 556.777
28 26 280.03
28 27 1663.35
28 29 1658.88
28 30 137.993
28 31 1250.03
28 32 1967
28 33 991.805
28 34 591.044
28 35 1035.99
28 36 1469.07
28 37 796.052
28 38 1827.55
28 39 1892.17
28 40 1893.23
28 41 1648.49
28 42 1033.31
28 43 290.601
28 44 1087.19
28 45 858.189
28 46 753.192
28 47 1082.13
28 48 2001.38
28 49 174.184
28 50 587.167
28 51 927.238
28 52 1143.42
28 53 827.315
28 54 951.872
28 55 1848.86
28 56 1787.3
28 57 1224.49
28 58 1591.1
28 59 1365.78
28 60 1507.58
28 61 625.284
28 62 879.018
28 63 1021.83
28 64 577.333
28 65 308.359
28 66 1143.53
28 67 1871.87
28 68 726.293
28 69 1255.39
28 70 1520.43
28 71 903.658
28 72 707.765
28 73 1322.43
28 74 1749.81
28 75 963.915
28 76 634.972
28 77 713.432
28 78 384.005
28 79 900.714
28 80 925.709
28 81 1011.24
28 82 1615.58
28 83 1879.58
28 84 280.444
28 85 1678.89
28 86 954.548
28 87 1527.42
28 88 1657.54
28 89 706.196
28 90 1614.62
28 91 986.566
28 92 748.171
28 93 1359.16
28 94 217.681
28 95 750.949
28 96 1563.84
28 97 1440.67
28 98 1895.05
28 99 1222.48
28 100 981.033
28 101 1111.46
28 102 892.369
28 103 982.915
28 104 1185.82
28 105 234.164
28 106 864.07
29 1 1461.12
29 2 407.735
29 3 571.497
29 4 1138.8
29 5 2039.69
29 6 1539.03
29 7 1423.94
29 8 274.973
29 9 1278.88
29 10 459.609
29 11 1235.18
29 12 1125.64
29 13 1843.42
29 14 429.536
29 15 1453.89
