108
1 2 423.136
1 3 430.911
1 4 1327.36
1 5 596.793
1 6 956.484
1 7 1545.86
1 8 1826.68
1 9 810.139
1 10 795.586
1 11 1012.08
1 12 692.102
1 13 323.483
1 14 1795.39
1 15 1603.35
1 16 1404.33
1 17 1654.14
1 18 1482.88
1 19 1124.63
1 20 1515.59
1 21 1376.56
1 22 1277.79
1 23 134.618
1 24 1368.63
1 25 379.164
1 26 86.0233
1 27 1721.95
1 28 1310.74
1 29 505.969
1 30 825.715
1 31 1826.46
1 32 475.661
1 33 1715.03
1 34 836.768
1 35 233.773
1 36 379.512
1 37 792.023
1 38 1841.38
1 39 1207.36
1 40 183.6
1 41 900.936
1 42 944.979
1 43 1184.78
1 44 1488.6
1 45 1808.08
1 46 1406.06
1 47 1314.13
1 48 61.0082
1 49 690.867
1 50 439.345
1 51 576.303
1 52 379.527
1 53 604.219
1 54 1522.7
1 55 805.968
1 56 282.567
1 57 1061.8
1 58 1923.4
1 59 400.281
1 60 1053.07
1 61 424.238
1 62 132.246
1 63 470.619
1 64 1346.42
1 65 619.923
1 66 692.289
1 67 1204.64
1 68 726.521
1 69 1321.36
1 70 883.307
1 71 699.005
1 72 967.811
1 73 1662.58
1 74 1620.8
1 75 741.596
1 76 1056.88
1 77 1003.51
1 78 1739.67
1 79 979.435
1 80 832.592
1 81 1844.52
1 82 707.301
1 83 315.154
1 84 783.401
1 85 1150.71
1 86 999.252
1 87 143.618
1 88 1127.73
1 89 1722.82
1 90 639.733
1 91 845.43
1 92 1173.03
1 93 610.483
1 94 74.0068
1 95 449.609
1 96 405.653
1 97 326.621
1 98 667.099
1 99 257.218
1 100 1337.16
1 101 971.292
1 102 1709.59
1 103 1376.73
1 104 373.37
1 105 1554.95
1 106 291.556
1 107 916.608
1 108 1349.49
2 1 423.136
2 3 286.356
2 4 905
2 5 752.172
2 6 557.09
2 7 1316.4
2 8 1712.66
2 9 852.078
2 10 421.802
2 11 635.505
2 12 1065.25
2 13 328.184
2 14 1426.34
2 15 1232.99
2 16 1179
2 17 1304.64
2 18 1068.81
2 19 1131.89
2 20 1185.64
2 21 1228.86
2 22 857.098
2 23 557.245
2 24 949.822
2 25 200.96
2 26 507.705
2 27 1413.46
2 28 1272.04
2 29 116.966
2 30 1212.62
2 31 1437.31
2 32 887.02
2 33 1306.53
2 34 1005.24
2 35 628.282
2 36 226.921
2 37 1121.97
2 38 1770.1
2 39 786.791
2 40 606.014
2 41 908.309
2 42 715.204
2 43 776.647
2 44 1453.91
2 45 1403.8
2 46 998.509
2 47 1154.13
2 48 379.961
2 49 820.101
2 50 106.301
2 51 360.762
2 52 484.232
2 53 637.841
2 54 1113.79
2 55 385.296
2 56 327.377
2 57 655.162
2 58 1511.24
2 59 91.6788
2 60 820.993
2 61 246.97
2 62 440.696
2 63 519.086
2 64 1047.41
2 65 915.717
2 66 332.006
2 67 1163.86
2 68 677.661
2 69 1332.85
2 70 753.883
2 71 669.582
2 72 996.84
2 73 1392.17
2 74 1423.03
2 75 818.228
2 76 723.003
2 77 724.272
2 78 1326.42
2 79 1057.94
2 80 409.489
2 81 1427.4
2 82 555.498
2 83 361.732
2 84 618.528
2 85 728.023
2 86 608.792
2 87 379.729
2 88 723.751
2 89 1431.42
2 90 590.486
2 91 444.815
2 92 757.444
2 93 341.259
2 94 373.118
2 95 647.117
2 96 666.407
2 97 97
2 98 1029.85
2 99 614.134
2 100 915.817
2 101 553.427
2 102 1488.41
2 103 955.705
2 104 500.157
2 105 1487.97
2 106 714.53
2 107 786.589
2 108 988.575
3 1 430.911
3 2 286.356
3 4 1047.83
3 5 491.652
3 6 782.63
3 7 1126.12
3 8 1463.38
3 9 566.001
3 10 415.207
3 11 881.128
3 12 906.751
3 13 128.472
3 14 1379.78
3 15 1190.17
3 16 984.787
3 17 1230.76
3 18 1126.07
3 19 847.883
3 20 1087.69
3 21 989.815
3 22 952.248
3 23 534.792
3 24 1113.23
3 25 452.134
3 26 489.902
3 27 1291.13
3 28 996.451
3 29 245.033
3 30 1062.58
3 31 1425.35
3 32 794.081
3 33 1341.2
3 34 736.174
3 35 541.828
3 36 70.8025
3 37 923.134
3 38 1506.51
3 39 884.036
3 40 593.273
3 41 622.788
3 42 518.881
3 43 976.494
3 44 1178.91
3 45 1425.63
3 46 1036.5
3 47 920.201
3 48 369.986
3 49 547.618
3 50 389.487
3 51 642.487
3 52 247.388
3 53 354.346
3 54 1153.1
3 55 575.233
3 56 163.878
3 57 703.759
3 58 1554.4
3 59 362.498
3 60 1106.95
3 61 509.032
3 62 359.685
3 63 738.627
3 64 915.59
3 65 707.091
3 66 604.44
3 67 887.66
3 68 395
3 69 1049.54
3 70 1032.99
3 71 924.392
3 72 710.697
3 73 1234.1
3 74 1212.76
3 75 535.553
3 76 990.542
3 77 572.617
3 78 1375.77
3 79 772.599
3 80 571.455
3 81 1490.19
3 82 833.965
3 83 558.077
3 84 374.883
3 85 847.736
3 86 619.99
3 87 304.884
3 88 933.54
3 89 1292.24
3 90 847.345
3 91 494.146
3 92 939.831
3 93 627.454
3 94 357.179
3 95 417.085
3 96 467.395
3 97 263.759
3 98 863.204
3 99 494.652
3 100 1013.65
3 101 649.585
3 102 1293.47
3 103 1049.81
3 104 685.271
3 105 1221.27
3 106 687.163
3 107 531.377
3 108 934.088
4 1 1327.36
4 2 905
4 3 1047.83
4 5 1514.25
4 6 435.828
4 7 1300.36
4 8 1870.34
4 9 1477.15
4 10 666.179
4 11 482.83
4 12 1946.24
4 13 1161.08
4 14 896.119
4 15 755.434
4 16 1221.77
4 17 898.33
4 18 352.149
4 19 1632.29
4 20 903.64
4 21 1431.9
4 22 186.489
4 23 1461.82
4 24 101.637
4 25 998.439
4 26 1412.45
4 27 1130.03
4 28 1665.65
4 29 842.427
4 30 2099.34
4 31 801.325
4 32 1789.85
4 33 571.812
4 34 1727.04
4 35 1529.42
4 36 1040.18
4 37 1970.9
4 38 2005.01
4 39 212.85
4 40 1508.99
4 41 1473.53
4 42 994.163
4 43 250.966
4 44 1813.83
4 45 681.453
4 46 387.221
4 47 1356.53
4 48 1284.81
4 49 1543.31
4 50 900.269
4 51 923.278
4 52 1294.92
4 53 1331.99
4 54 431.654
4 55 522
4 56 1181.29
4 57 414.121
4 58 718.672
4 59 934.927
4 60 919.674
4 61 988.274
4 62 1337.79
4 63 1230.29
4 64 939.159
4 65 1754.57
4 66 701.06
4 67 1582.29
4 68 1265.78
4 69 1793.47
4 70 1103.28
4 71 1215.35
4 72 1563.16
4 73 1237.63
4 74 1455.7
4 75 1491.15
4 76 620.906
4 77 883.19
4 78 548.665
4 79 1670.77
4 80 496.671
4 81 602.907
4 82 1013.31
4 83 1167.96
4 84 1082.72
4 85 206.461
4 86 521.552
4 87 1275.02
4 88 306.132
4 89 1200.01
4 90 1159.36
4 91 567.737
4 92 199.582
4 93 852.719
4 94 1277.58
4 95 1463.28
4 96 1514.22
4 97 1001.99
4 98 1905.47
4 99 1506.2
4 100 168.297
4 101 404.379
4 102 1444.68
4 103 186.682
4 104 1280.18
4 105 1782.7
4 106 1617.87
4 107 1204.84
4 108 676.792
5 1 596.793
5 2 752.172
5 3 491.652
5 4 1514.25
5 6 1274.28
5 7 1183.37
5 8 1314.09
5 9 262.619
5 10 851.193
5 11 1371.59
5 12 561.616
5 13 424.976
5 14 1663.04
5 15 1491.25
5 16 1052.75
5 17 1487.45
5 18 1533.6
5 19 560.942
5 20 1322.71
5 21 929.551
5 22 1395.32
5 23 590.444
5 24 1587.78
5 25 859.331
5 26 580.45
5 27 1467.1
5 28 765.906
5 29 735.503
5 30 710.668
5 31 1748.94
5 32 607.524
5 33 1718.56
5 34 255.926
5 35 485.077
5 36 531.034
5 37 498.688
5 38 1295.41
5 39 1331.55
5 40 632.358
5 41 366.427
5 42 702.815
5 43 1464.43
5 44 931.279
5 45 1786.46
5 46 1432.79
5 47 889.416
5 48 560.864
5 49 96.4002
5 50 840.572
5 51 1072.1
5 52 270.446
5 53 198.799
5 54 1543.86
5 55 1065.49
5 56 434.431
5 57 1133.3
5 58 1931.89
5 59 804.302
5 60 1557.85
5 61 918.368
5 62 465.108
5 63 1057.49
5 64 1119.05
5 65 296.939
5 66 1083.33
5 67 670.142
5 68 335.966
5 69 744.662
5 70 1437.62
5 71 1279.43
5 72 403.792
5 73 1349.07
5 74 1209.29
5 75 177.902
5 76 1473.71
5 77 818.479
5 78 1765.57
5 79 387.939
5 80 1057.43
5 81 1888.24
5 82 1244.85
5 83 883.676
5 84 521.177
5 85 1308.98
5 86 1033.16
5 87 478.832
5 88 1423.55
5 89 1438
5 90 1212.16
5 91 946.878
5 92 1423.69
5 93 1076
5 94 551.928
5 95 148.519
5 96 223.652
5 97 690.134
5 98 509.864
5 99 409.073
5 100 1455.79
5 101 1109.92
5 102 1320.88
5 103 1488.06
5 104 967.323
5 105 1016.99
5 106 659.686
5 107 543.386
5 108 1244.81
6 1 956.484
6 2 557.09
6 3 782.63
6 4 435.828
6 5 1274.28
6 7 1430.51
6 8 1946.49
6 9 1309.88
6 10 537.327
6 11 124.535
6 12 1621.72
6 13 867.959
6 14 1232.76
6 15 1058.64
6 16 1318.76
6 17 1180.1
6 18 731.003
6 19 1534.79
6 20 1127.23
6 21 1467.68
6 22 494.49
6 23 1089.71
6 24 439.936
6 25 595.196
6 26 1042.4
6 27 1371.85
6 28 1622.1
6 29 540.379
6 30 1767.57
6 31 1176.78
6 32 1431.34
6 33 975.039
6 34 1515.57
6 35 1177.74
6 36 749.573
6 37 1677.11
6 38 2049.11
6 39 443.934
6 40 1130.18
6 41 1336.42
6 42 951.232
6 43 231.97
6 44 1792.23
6 45 1084.67
6 46 713.074
6 47 1387.83
6 48 924.197
6 49 1326.31
6 50 517.174
6 51 490.506
6 52 1019.85
6 53 1122
6 54 801.998
6 55 217.518
6 56 876.106
6 57 482.869
6 58 1144.56
6 59 556.685
6 60 560.373
6 61 573.736
6 62 995.354
6 63 797.647
6 64 1081.54
6 65 1467.87
6 66 278.289
6 67 1523
6 68 1104.51
6 69 1721.73
6 70 691.608
6 71 782.307
6 72 1429.63
6 73 1427.62
6 74 1572.37
6 75 1299.59
6 76 291.331
6 77 881.148
6 78 966.232
6 79 1517.33
6 80 250.711
6 81 1034.28
6 82 580.849
6 83 751.918
6 84 962.502
6 85 360.072
6 86 539.579
6 87 935.641
6 88 171.817
6 89 1422.62
6 90 724.191
6 91 448.264
6 92 242.002
6 93 421.033
6 94 919.636
6 95 1189.09
6 96 1218.8
6 97 648.845
6 98 1586.86
6 99 1169.59
6 100 531.686
6 101 357.29
6 102 1595.77
6 103 569.702
6 104 854.325
6 105 1791.36
6 106 1238.22
6 107 1120.46
6 108 886.437
7 1 1545.86
7 2 1316.4
7 3 1126.12
7 4 1300.36
7 5 1183.37
7 6 1430.51
7 8 585.075
7 9 942.675
7 10 952.036
7 11 1552.87
7 12 1739.26
7 13 1222.38
7 14 749.679
7 15 691.035
7 16 141.566
7 17 575.449
7 18 1043.25
7 19 799.605
7 20 449.609
7 21 321.753
7 22 1113.94
7 23 1624.96
7 24 1401.77
7 25 1517.33
7 26 1588.25
7 27 387.883
7 28 662.737
7 29 1203.43
7 30 1879.99
7 31 912.095
7 32 1773.57
7 33 1050.92
7 34 1200.27
7 35 1580.28
7 36 1190.78
7 37 1638.1
7 38 746.545
7 39 1103.16
7 40 1682.36
7 41 850.309
7 42 609.309
7 43 1451.91
7 44 705.867
7 45 1045.09
7 46 950.985
7 47 315.905
7 48 1485.52
7 49 1123.53
7 50 1411.86
7 51 1639.53
7 52 1208
7 53 1024.7
7 54 989.098
7 55 1262.67
7 56 1263.3
7 57 960.409
7 58 1204.04
7 59 1407.77
7 60 1970.01
7 61 1560.97
7 62 1444.75
7 63 1833.63
7 64 362.416
7 65 1470.04
7 66 1473.56
7 67 662.621
7 68 870.561
7 69 821.005
7 70 2011.98
7 71 1977.48
7 72 874.867
7 73 201.658
7 74 157.166
7 75 1022.19
7 76 1721.84
7 77 596.594
7 78 1124.55
7 79 987.679
7 80 1206.49
7 81 1241.05
7 82 1829.02
7 83 1664.08
7 84 762.997
7 85 1158.73
7 86 890.956
7 87 1406.02
7 88 1461.32
7 89 315
7 90 1898.42
7 91 1006.69
7 92 1377.08
7 93 1590.13
7 94 1472.37
7 95 1270.98
7 96 1366.12
7 97 1353.21
7 98 1687.48
7 99 1509.08
7 100 1141.14
7 101 1074.22
7 102 172.627
7 103 1141.45
7 104 1799.09
7 105 612.87
7 106 1755.03
7 107 654.232
7 108 629.162
8 1 1826.68
8 2 1712.66
8 3 1463.38
8 4 1870.34
8 5 1314.09
8 6 1946.49
8 7 585.075
8 9 1053
8 10 1425.78
8 11 2070.97
8 12 1797.41
8 13 1522.03
8 14 1300.38
8 15 1269.67
8 16 648.705
8 17 1142.85
8 18 1627.49
8 19 766.303
8 20 1032.63
8 21 487.922
8 22 1684.23
8 23 1869.2
8 24 1971.97
8 25 1905.27
8 26 1844.41
8 27 915.967
8 28 554.939
8 29 1613.33
8 30 1909.06
8 31 1471.33
8 32 1915.8
8 33 1630.57
8 34 1211.64
8 35 1787.17
8 36 1534.07
8 37 1650.13
8 38 188.558
8 39 1666.11
8 40 1920.35
8 41 950.261
8 42 1018.3
8 43 2000.48
8 44 430.094
8 45 1616.01
8 46 1533.3
8 47 566.492
8 48 1772.01
8 49 1226.17
8 50 1817.24
8 51 2065.51
8 52 1449.89
8 53 1228.38
8 54 1574.16
8 55 1755.76
8 56 1559.06
8 57 1502.82
8 58 1771.05
8 59 1802.55
8 60 2455.55
8 61 1957.64
8 62 1703.84
8 63 2202.01
8 64 934.343
8 65 1543.63
8 66 1937
8 67 644.075
8 68 1100.64
8 69 639.732
8 70 2455.33
8 71 2380.21
8 72 914.563
8 73 727.025
8 74 429.253
8 75 1136.52
8 76 2234.42
8 77 1066.77
8 78 1704.74
8 79 975.443
8 80 1705.36
8 81 1817.95
8 82 2261.18
8 83 2021.03
8 84 1095.64
8 85 1713.4
8 86 1418.07
8 87 1683.66
8 88 2001.92
8 89 826.639
8 90 2301.6
8 91 1501.79
8 92 1927.54
8 93 2028.31
8 94 1759.44
8 95 1444.31
8 96 1533.71
8 97 1721.94
8 98 1749.46
8 99 1710.38
8 100 1716.08
8 101 1600.72
8 102 494.972
8 103 1719.29
8 104 2144.45
8 105 312.194
8 106 1966.11
8 107 932.174
8 108 1209.45
9 1 810.139
9 2 852.078
9 3 566.001
9 4 1477.15
9 5 262.619
9 6 1309.88
9 7 942.675
9 8 1053
9 10 817.195
9 11 1420.31
9 12 798.551
9 13 557.573
9 14 1487.48
9 15 1329.24
9 16 819.095
9 17 1304.57
9 18 1436.54
9 19 314.682
9 20 1136.11
9 21 672.549
9 22 1334.33
9 23 829.212
9 24 1561.5
9 25 1000.87
9 26 811.113
9 27 1253.32
9 28 509.907
9 29 799.881
9 30 937.341
9 31 1591.7
9 32 869.687
9 33 1594.46
9 34 285.217
9 35 736.856
9 36 627.2
9 37 697.943
9 38 1042.25
9 39 1277.45
9 40 876.55
9 41 103.817
9 42 547.768
9 43 1471.47
9 44 682.191
9 45 1650.02
9 46 1330.55
9 47 638.436
9 48 763.6
9 49 184.201
9 50 953.497
9 51 1203.14
9 52 435.66
9 53 220.227
9 54 1433.88
9 55 1092.8
9 56 583.507
9 57 1071.43
9 58 1803.34
9 59 923.499
9 60 1672.94
9 61 1060.04
9 62 679.425
9 63 1244.44
9 64 928.794
9 65 529.551
9 66 1165.97
9 67 410.148
9 68 211.858
9 69 511.981
9 70 1587.91
9 71 1454.78
9 72 157.953
9 73 1119.22
9 74 955.843
9 75 85.1469
9 76 1544.88
9 77 674.392
9 78 1649.03
9 79 208.691
9 80 1070.54
9 81 1775.19
9 82 1389.83
9 83 1063.29
9 84 400.442
9 85 1271.35
9 86 964.548
9 87 674.994
9 88 1440.13
9 89 1215.11
9 90 1382.03
9 91 919.133
9 92 1419.86
9 93 1192.53
9 94 752.485
9 95 392.796
9 96 480.763
9 97 815.495
9 98 747.001
9 99 659.97
9 100 1391.84
9 101 1079.91
9 102 1071.05
9 103 1419.24
9 104 1165.33
9 105 760.053
9 106 914.769
9 107 344.368
9 108 1097.81
10 1 795.586
10 2 421.802
10 3 415.207
10 4 666.179
10 5 851.193
10 6 537.327
10 7 952.036
10 8 1425.78
10 9 817.195
10 11 660.167
10 12 1319.46
10 13 541.679
10 14 1007.98
10 15 814.683
10 16 824.808
10 17 882.842
10 18 710.862
10 19 1008.43
10 20 766.76
10 21 940.733
10 22 546.062
10 23 919.035
10 24 746.067
10 25 610.66
10 26 870.297
10 27 999.733
10 28 1085.47
10 29 307.743
10 30 1475.89
10 31 1030.99
10 32 1205.65
10 33 928.942
10 34 1060.99
10 35 948.753
10 36 433.244
10 37 1322.45
10 38 1518.24
10 39 480.838
10 40 975.018
10 41 825.073
10 42 415.714
10 43 661.291
10 44 1254.91
10 45 1017.02
10 46 622.371
10 47 861.019
10 48 739.506
10 49 877.219
10 50 493.961
10 51 694.876
10 52 651.871
10 53 666
10 54 739.276
10 55 331.991
10 56 572.106
10 57 289.748
10 58 1141.2
10 59 503.224
10 60 1031.06
10 61 641.683
10 62 758.684
10 63 927.41
10 64 644.473
10 65 1105.52
10 66 522.078
10 67 987.711
10 68 605.392
10 69 1189.64
10 70 1060.06
10 71 1039.49
10 72 917.369
10 73 997.459
10 74 1078.96
10 75 826.183
10 76 815.315
10 77 363.248
10 78 961.327
10 79 1017.13
10 80 287.124
10 81 1075.02
10 82 879.673
10 83 782.006
10 84 437.12
10 85 459.83
10 86 206.633
10 87 697.843
10 88 637.734
10 89 1024.79
10 90 961.664
10 91 102.122
10 92 605.003
10 93 640.947
10 94 728.611
10 95 813.797
10 96 876.332
10 97 495.782
10 98 1274.62
10 99 907.379
10 100 607.113
10 101 263.591
10 102 1123.93
10 103 641.249
10 104 920.035
10 105 1255.78
10 106 1077.6
10 107 586.506
10 108 567.212
11 1 1012.08
11 2 635.505
11 3 881.128
11 4 482.83
11 5 1371.59
11 6 124.535
11 7 1552.87
11 8 2070.97
11 9 1420.31
11 10 660.167
11 12 1691.04
11 13 957.067
11 14 1326.88
11 15 1158.64
11 16 1442.32
11 17 1285.04
11 18 807.853
11 19 1652.45
11 20 1240.2
11 21 1592.17
11 22 577.686
11 23 1142.48
11 24 460.245
11 25 637.831
11 26 1097.03
11 27 1483.98
11 28 1743.73
11 29 636.284
11 30 1833.09
11 31 1259.46
11 32 1487.45
11 33 1045.61
11 34 1617
11 35 1239.8
11 36 842.084
11 37 1756.74
11 38 2173.5
11 39 536.323
11 40 1178.48
11 41 1450.73
11 42 1074.85
11 43 239.702
11 44 1914.76
11 45 1155.83
11 46 802.948
11 47 1512.32
11 48 985.86
11 49 1428.04
11 50 578.538
11 51 494.491
11 52 1111.5
11 53 1227
11 54 882.661
11 55 334.265
11 56 961.267
11 57 600.187
11 58 1201.45
11 59 619.265
11 60 456.317
11 61 605.904
11 62 1064.25
11 63 794.003
11 64 1201.92
11 65 1551.21
11 66 319.828
11 67 1643.85
11 68 1217.41
11 69 1841.09
11 70 620.492
11 71 742.871
11 72 1543.85
11 73 1545.74
11 74 1695.61
11 75 1406.23
11 76 170.801
11 77 1005.67
11 78 1029.11
11 79 1628.49
11 80 373.054
11 81 1085.18
11 82 541.867
11 83 776.93
11 84 1081.27
11 85 454.01
11 86 662.035
11 87 1006.91
11 88 178.084
11 89 1537.36
11 90 694.262
11 91 572.477
11 92 284.176
11 93 431.727
11 94 982.721
11 95 1278.76
11 96 1301.88
11 97 721.283
11 98 1658.65
11 99 1238.4
11 100 605.786
11 101 478.716
11 102 1717.31
11 103 640.722
11 104 864.017
11 105 1915.12
11 106 1284.72
11 107 1241.1
11 108 998.738
12 1 692.102
12 2 1065.25
12 3 906.751
12 4 1946.24
12 5 561.616
12 6 1621.72
12 7 1739.26
12 8 1797.41
12 9 798.551
12 10 1319.46
12 11 1691.04
12 13 786.539
12 14 2212.57
12 15 2034.98
12 16 1611.53
12 17 2041.18
12 18 2028.44
12 19 1034
12 20 1878.64
12 21 1468.27
12 22 1858.86
12 23 579.162
12 24 2003.46
12 25 1069.34
12 26 614.479
12 27 2028.56
12 28 1244.29
12 29 1106.18
12 30 157.035
12 31 2287.61
12 32 274.489
12 33 2233.43
12 34 585.769
12 35 458.328
12 36 906.448
12 37 184.448
12 38 1740.45
12 39 1790.36
12 40 568.056
12 41 896.688
12 42 1255.43
12 43 1841.2
12 44 1379.2
12 45 2310.22
12 46 1934.69
12 47 1436.95
12 48 707.842
12 49 615.878
12 50 1112.55
12 51 1267.94
12 52 669.044
12 53 747.503
12 54 2049.92
12 55 1443.03
12 56 764.958
12 57 1609.11
12 58 2447.69
12 59 1071.79
12 60 1737.57
12 61 1116.23
12 62 627.096
12 63 1110.13
12 64 1677.12
12 65 269.258
12 66 1372.81
12 67 1168.07
12 68 895.397
12 69 1170.27
12 70 1544.4
12 71 1334.79
12 72 899.133
12 73 1909.33
12 74 1753.34
12 75 717.268
12 76 1747.15
12 77 1364.04
12 78 2273.36
12 79 822.35
12 80 1454.66
12 81 2391.09
12 82 1385.43
12 83 992.907
12 84 1069.49
12 85 1750.71
12 86 1520.31
12 87 686.088
12 88 1788.99
12 89 1999.42
12 90 1291.75
12 91 1400.88
12 92 1817.64
12 93 1302.16
12 94 709.717
12 95 520.885
12 96 444.775
12 97 972.981
12 98 51.8652
12 99 452.747
12 100 1920.25
12 101 1554.44
12 102 1869.51
12 103 1956.54
12 104 1001.25
12 105 1486.64
12 106 495.994
12 107 1105
12 108 1783.03
13 1 323.483
13 2 328.184
13 3 128.472
13 4 1161.08
13 5 424.976
13 6 867.959
13 7 1222.38
13 8 1522.03
13 9 557.573
13 10 541.679
13 11 957.067
13 12 786.539
13 14 1506.2
13 15 1317.21
13 16 1080.85
13 17 1354.84
13 18 1252.18
13 19 860.44
13 20 1209.05
13 21 1060.89
13 22 1073.46
13 23 414.513
13 24 1221.95
13 25 445.872
13 26 372.211
13 27 1406.95
13 28 1028.05
13 29 330.142
13 30 941.271
13 31 1553.56
13 32 665.724
13 33 1469.05
13 34 679.595
13 35 413.697
13 36 121.672
13 37 815.309
13 38 1550.75
13 39 1004.53
13 40 473.206
13 41 631.729
13 42 623.007
13 43 1073.4
13 44 1209.67
13 45 1553.94
13 46 1163.75
13 47 995.838
13 48 263.213
13 49 497.661
13 50 415.963
13 51 654.061
13 52 156.051
13 53 337.36
13 54 1280.49
13 55 670.589
13 56 41.0488
13 57 828.827
13 58 1682.05
13 59 380.539
13 60 1135.84
13 61 505.356
13 62 235.512
13 63 694.22
13 64 1031.81
13 65 602.183
13 66 660.128
13 67 919.561
13 68 425.699
13 69 1062.36
13 70 1032.41
13 71 898.439
13 72 712.085
13 73 1341.01
13 74 1299.04
13 75 509.409
13 76 1051.08
13 77 689
13 78 1502.9
13 79 754.512
13 80 674.685
13 81 1616.52
13 82 835.409
13 83 511.454
13 84 460.185
13 85 964.243
13 86 747.302
13 87 186.218
13 88 1026.51
13 89 1404.08
13 90 824.879
13 91 616.572
13 92 1042.18
13 93 652.982
13 94 250.06
13 95 321.753
13 96 355.473
13 97 267.043
13 98 744.689
13 99 366.431
13 100 1134.79
13 101 768.01
13 102 1386.41
13 103 1171.64
13 104 625.415
13 105 1263.76
13 106 563.072
13 107 599.14
13 108 1060.97
14 1 1795.39
14 2 1426.34
14 3 1379.78
14 4 896.119
14 5 1663.04
14 6 1232.76
14 7 749.679
14 8 1300.38
14 9 1487.48
14 10 1007.98
14 11 1326.88
14 12 2212.57
14 13 1506.2
14 15 193.38
14 16 776.379
14 17 188.322
14 18 545.047
14 19 1461.41
14 20 355.924
14 21 1040.34
14 22 751.921
14 23 1911.46
14 24 978.17
14 25 1602.93
14 26 1864.5
14 27 385
14 28 1376.09
14 29 1314.96
14 30 2367.18
14 31 174.428
14 32 2161.06
14 33 394.789
14 34 1772.17
14 35 1918.65
14 36 1418.95
14 37 2160.21
14 38 1478.18
14 39 790.941
14 40 1969.22
14 41 1424.15
14 42 960.221
14 43 1131.21
14 44 1448.6
14 45 336.964
14 46 524.649
14 47 999.545
14 48 1736.88
14 49 1638.23
14 50 1484.65
14 51 1631.54
14 52 1568.14
14 53 1467.9
14 54 465.45
14 55 1169.7
14 56 1543.52
14 57 800.051
14 58 477.612
14 59 1501.25
14 60 1783.04
14 61 1623.08
14 62 1739.4
14 63 1907.47
14 64 561.638
14 65 1958.19
14 66 1411
14 67 1345.24
14 68 1329.01
14 69 1534.87
14 70 1919.99
14 71 1971.9
14 72 1482.85
14 73 574.543
14 74 886.039
14 75 1546.83
14 76 1488.54
14 77 848.572
14 78 464.091
14 79 1606.23
14 80 1111.87
14 81 549.392
14 82 1781.81
14 83 1780.27
14 84 1143.93
14 85 874.186
14 86 819.878
14 87 1683
14 88 1171.59
14 89 475.038
14 90 1900.9
14 91 986.379
14 92 1061.63
14 93 1564.27
14 94 1725.11
14 95 1694.15
14 96 1779.32
14 97 1503.72
14 98 2162.26
14 99 1863.9
14 100 736.156
14 101 932.039
14 102 805.522
14 103 710.192
14 104 1916.11
14 105 1361.79
14 106 2066.38
14 107 1143.32
14 108 446.216
15 1 1603.35
15 2 1232.99
15 3 1190.17
15 4 755.434
15 5 1491.25
15 6 1058.64
15 7 691.035
15 8 1269.67
15 9 1329.24
15 10 814.683
15 11 1158.64
15 12 2034.98
15 13 1317.21
15 14 193.38
15 16 683.073
15 17 148.449
15 18 419.218
15 19 1331.95
15 20 244.969
15 21 946.449
15 22 593.762
15 23 1720.43
15 24 845.923
15 25 1410.29
15 26 1673.21
15 27 397.368
15 28 1268.88
15 29 1121.59
15 30 2190.46
15 31 263.03
15 32 1975.12
15 33 360.902
15 34 1614.43
15 35 1730.37
15 36 1227.8
15 37 1989.74
15 38 1437.05
15 39 623.448
15 40 1778.01
15 41 1273.05
15 42 790.537
15 43 976.658
15 44 1361.35
15 45 359.49
15 46 369.439
15 47 894.536
15 48 1545.09
15 49 1472.08
15 50 1291.96
15 51 1443.11
15 52 1384.1
15 53 1294.21
15 54 345.219
15 55 982.998
15 56 1354.04
15 57 611.658
15 58 521.299
15 59 1308.19
15 60 1614.59
15 61 1431.18
15 62 1549.49
15 63 1716.08
15 64 424.906
15 65 1784.38
15 66 1224.71
15 67 1225.73
15 68 1160.29
15 69 1424.87
15 70 1740.65
15 71 1785.18
15 72 1338.05
15 73 552.985
15 74 841.932
15 75 1383.84
15 76 1323.97
15 77 672.953
15 78 435.118
15 79 1461.6
15 80 924.468
15 81 550.015
15 82 1597.27
15 83 1587.35
15 84 970.192
15 85 704.716
15 86 627.073
15 87 1492.5
15 88 1011.6
15 89 480.767
15 90 1713.28
15 91 793.647
15 92 904.178
15 93 1376.56
15 94 1533.41
15 95 1514.93
15 96 1598.2
15 97 1310.4
15 98 1985.16
15 99 1677.05
15 100 588.796
15 101 745.306
15 102 785.673
15 103 569.573
15 104 1723.41
15 105 1286.93
15 106 1875.97
15 107 985.419
15 108 256.33
16 1 1404.33
16 2 1179
16 3 984.787
16 4 1221.77
16 5 1052.75
16 6 1318.76
16 7 141.566
16 8 648.705
16 9 819.095
16 10 824.808
16 11 1442.32
16 12 1611.53
16 13 1080.85
16 14 776.379
16 15 683.073
16 17 591.069
16 18 992.942
16 19 707.823
16 20 439.014
16 21 265.002
16 22 1035.81
16 23 1484
16 24 1323.39
16 25 1379.79
16 26 1447.04
16 27 455.379
16 28 600.561
16 29 1067
16 30 1754.7
16 31 925.916
16 32 1637.68
16 33 1033.47
16 34 1085.22
16 35 1440.9
16 36 1049.72
16 37 1516.83
16 38 788.733
16 39 1017.57
16 40 1541.5
16 41 731.225
16 42 468.856
16 43 1356.06
16 44 678.62
16 45 1042.55
16 46 893.9
16 47 226.108
16 48 1343.97
16 49 997.121
16 50 1275.74
16 51 1506.77
16 52 1068.15
16 53 888.779
16 54 947.135
16 55 1142.53
16 56 1121.77
16 57 859.508
16 58 1204.24
16 59 1270.54
16 60 1850.01
16 61 1424.39
16 62 1303.64
16 63 1695.17
16 64 291.496
16 65 1342.72
16 66 1346.86
16 67 579.418
16 68 734.286
16 69 759.851
16 70 1882.93
16 71 1842.53
16 72 764.932
16 73 300.528
16 74 254.951
16 75 896.184
16 76 1609.64
16 77 464.397
16 78 1104.97
16 79 882.426
16 80 1087.86
16 81 1226.8
16 82 1697.7
16 83 1524.55
16 84 621.619
16 85 1066.48
16 86 781.502
16 87 1264.6
16 88 1360.86
16 89 401.998
16 90 1763.37
16 91 885.712
16 92 1282.3
16 93 1459.1
16 94 1330.82
16 95 1135.36
16 96 1230.29
16 97 1213.73
16 98 1559.67
16 99 1370.22
16 100 1068.89
16 101 965.486
16 102 310.221
16 103 1073.72
16 104 1659.13
16 105 605.984
16 106 1615.04
16 107 517.464
16 108 569.668
17 1 1654.14
17 2 1304.64
17 3 1230.76
17 4 898.33
17 5 1487.45
17 6 1180.1
17 7 575.449
17 8 1142.85
17 9 1304.57
17 10 882.842
17 11 1285.04
17 12 2041.18
17 13 1354.84
17 14 188.322
17 15 148.449
17 16 591.069
17 18 566.961
17 19 1273.1
17 20 169.035
17 21 855.813
17 22 730.875
17 23 1765.27
17 24 990.686
17 25 1490.05
17 26 1719.51
17 27 250.599
17 28 1189.46
17 29 1190.04
17 30 2194.74
17 31 337.44
17 32 2001.11
17 33 495.509
17 34 1588.65
17 35 1764.17
17 36 1275.04
17 37 1982.88
17 38 1315.37
17 39 754.404
17 40 1823.58
17 41 1238.88
17 42 785.888
17 43 1112.88
17 44 1266.66
17 45 473.179
17 46 511.124
17 47 812.747
17 48 1594.52
17 49 1458.92
17 50 1372
17 51 1539.91
17 52 1406.36
17 53 1294.36
17 54 493.6
17 55 1086.51
17 56 1393.38
17 57 715.522
17 58 629.763
17 59 1384.64
17 60 1739.29
17 61 1515.58
17 62 1589.83
17 63 1802
17 64 376.223
17 65 1783.68
17 66 1327.56
17 67 1157.18
17 68 1152.09
17 69 1347.96
17 70 1853.33
17 71 1885.06
17 72 1296.03
17 73 418.001
17 74 719.585
17 75 1365.96
17 76 1452.59
17 77 680.677
17 78 569.959
17 79 1419.29
17 80 1026.86
17 81 677.009
17 82 1702.09
17 83 1664.08
17 84 971.755
17 85 833.212
17 86 712.447
17 87 1535.55
17 88 1144.6
17 89 336.488
17 90 1811.24
17 91 877.155
17 92 1039.23
17 93 1475.49
17 94 1582.35
17 95 1525.46
17 96 1612.74
17 97 1375.76
17 98 1990.43
17 99 1706.37
17 100 730.616
17 101 851.076
17 102 652.326
17 103 713.64
17 104 1801.67
17 105 1183.74
17 106 1917.59
17 107 961.112
17 108 318.226
18 1 1482.88
18 2 1068.81
18 3 1126.07
18 4 352.149
18 5 1533.6
18 6 731.003
18 7 1043.25
18 8 1627.49
18 9 1436.54
18 10 710.862
18 11 807.853
18 12 2028.44
18 13 1252.18
18 14 545.047
18 15 419.218
18 16 992.942
18 17 566.961
18 19 1525.92
18 20 608.298
18 21 1234.56
18 22 237.842
18 23 1612.84
18 24 433.499
18 25 1208.88
18 26 1563.17
18 27 811.062
18 28 1515.57
18 29 976.914
18 30 2185.2
18 31 453.097
18 32 1913.9
18 33 247.504
18 34 1710.6
18 35 1654.97
18 36 1140.56
18 37 2021.09
18 38 1779.81
18 39 298.931
18 40 1666.09
18 41 1408.28
18 42 899.229
18 43 594.526
18 44 1641.07
18 45 355.259
18 46 108.171
18 47 1167.12
18 48 1431.44
18 49 1540.92
18 50 1096.42
18 51 1184.35
18 52 1359.5
18 53 1337.45
18 54 79.6492
18 55 729.776
18 56 1281.45
18 57 424.487
18 58 442.747
18 59 1123.37
18 60 1258.87
18 61 1213.71
18 62 1462.85
18 63 1482.68
18 64 701.599
18 65 1805.37
18 66 955.877
18 67 1448.5
18 68 1236
18 69 1659.46
18 70 1421.35
18 71 1505.69
18 72 1489.55
18 73 944.542
18 74 1200.28
18 75 1470.06
18 76 960.569
18 77 772.861
18 78 257.651
18 79 1607.8
18 80 681.693
18 81 364.445
18 82 1306.76
18 83 1387.54
18 84 1038.46
18 85 378.588
18 86 508.146
18 87 1400.69
18 88 641.03
18 89 889.144
18 90 1441.71
18 91 640.815
18 92 529.636
18 93 1113.56
18 94 1421.83
18 95 1516.22
18 96 1584.08
18 97 1160.92
18 98 1982.71
18 99 1616.92
18 100 202.092
18 101 516.086
18 102 1167.49
18 103 169.366
18 104 1513.79
18 105 1589.02
18 106 1772.31
18 107 1118.25
18 108 423.728
19 1 1124.63
19 2 1131.89
19 3 847.883
19 4 1632.29
19 5 560.942
19 6 1534.79
19 7 799.605
19 8 766.303
19 9 314.682
19 10 1008.43
19 11 1652.45
19 12 1034
19 13 860.44
19 14 1461.41
19 15 1331.95
19 16 707.823
19 17 1273.1
19 18 1525.92
19 20 1106.75
19 21 483.811
19 22 1469.43
19 23 1142.22
19 24 1725.03
19 25 1295.81
19 26 1125.32
19 27 1163.19
19 28 211.367
19 29 1063.05
19 30 1152.79
19 31 1591.99
19 32 1152.41
19 33 1643.13
19 34 449.811
19 35 1044.83
19 36 914.596
19 37 895.903
19 38 734.687
19 39 1422.22
19 40 1188.19
19 41 228.712
19 42 639.879
19 43 1668.44
19 44 370.448
19 45 1679.66
19 46 1417.75
19 47 486.362
19 48 1077.35
19 49 467.937
19 50 1236.7
19 51 1490.34
19 52 748.415
19 53 526.901
19 54 1507
19 55 1318.48
19 56 889.761
19 57 1218.18
19 58 1839.91
19 59 1210.37
19 60 1945.88
19 61 1354.12
19 62 994.085
19 63 1552.93
19 64 907.694
19 65 777.435
19 66 1427.29
19 67 143.171
19 68 454.349
19 69 202.252
19 70 1880.42
19 71 1758.55
19 72 158.518
19 73 997.025
19 74 764.351
19 75 389.391
19 76 1790.93
19 77 759.434
19 78 1706.24
19 79 213.038
19 80 1286.12
19 81 1833.54
19 82 1681.46
19 83 1370.76
19 84 572.923
19 85 1433.2
19 86 1111.02
19 87 988.445
19 88 1646.13
19 89 1105.75
19 90 1684.2
19 91 1108.46
19 92 1608.59
19 93 1472.6
19 94 1066.04
19 95 701.754
19 96 784.462
19 97 1107.75
19 98 985.203
19 99 968.259
19 100 1521.51
19 101 1257.82
19 102 889.089
19 103 1542.5
19 104 1476.84
19 105 460.22
19 106 1220.55
19 107 428.229
19 108 1136.35
20 1 1515.59
20 2 1185.64
20 3 1087.69
20 4 903.64
20 5 1322.71
20 6 1127.23
20 7 449.609
20 8 1032.63
20 9 1136.11
20 10 766.76
20 11 1240.2
20 12 1878.64
20 13 1209.05
20 14 355.924
20 15 244.969
20 16 439.014
20 17 169.035
20 18 608.298
20 19 1106.75
20 21 703.316
20 22 722.787
20 23 1622.21
20 24 1002.06
20 25 1377.4
20 26 1577.59
20 27 245.106
20 28 1030.64
20 29 1069.27
20 30 2031.44
20 31 490.168
20 32 1846.67
20 33 602.03
20 34 1419.95
20 35 1614.39
20 36 1136.19
20 37 1816.81
20 38 1196.1
20 39 730.59
20 40 1680.79
20 41 1069.86
20 42 623.59
20 43 1093.13
20 44 1117.63
20 45 604.021
20 46 527.376
20 47 654.498
20 48 1455.29
20 49 1292.03
20 50 1260.63
20 51 1446.08
20 52 1251.77
20 53 1131.21
20 54 547.111
20 55 1006.86
20 56 1248.44
20 57 646.672
20 58 765.444
20 59 1269.52
20 60 1686.92
20 61 1407.59
20 62 1444.56
20 63 1693.81
20 64 207.386
20 65 1619.36
20 66 1243.63
20 67 993.588
20 68 986.891
20 69 1188.09
20 70 1779.4
20 71 1792.88
20 72 1127.19
20 73 337.251
20 74 603.451
20 75 1198.35
20 76 1410.54
20 77 525.09
20 78 675.327
20 79 1250.5
20 80 946.799
20 81 793.46
20 82 1617.6
20 83 1547.24
20 84 810.396
20 85 801.489
20 86 620.008
20 87 1392.27
20 88 1116.19
20 89 299.908
20 90 1717.03
20 91 777.155
20 92 1017.67
20 93 1384.89
20 94 1442.82
20 95 1365.35
20 96 1454
20 97 1250.44
20 98 1827.66
20 99 1554.32
20 100 736.653
20 101 780.019
20 102 559.946
20 103 728.66
20 104 1685.58
20 105 1042
20 106 1771.99
20 107 793.095
20 108 241.572
21 1 1376.56
21 2 1228.86
21 3 989.815
21 4 1431.9
21 5 929.551
21 6 1467.68
21 7 321.753
21 8 487.922
21 9 672.549
21 10 940.733
21 11 1592.17
21 12 1468.27
21 13 1060.89
21 14 1040.34
21 15 946.449
21 16 265.002
21 17 855.813
21 18 1234.56
21 19 483.811
21 20 703.316
21 22 1249.31
21 23 1434.99
21 24 1532.53
21 25 1423.92
21 26 1404.65
21 27 702.601
21 28 342.615
21 29 1127.27
21 30 1601.3
21 31 1190.92
21 32 1535.04
21 33 1292.73
21 34 906.027
21 35 1369.68
21 36 1059.82
21 37 1351.66
21 38 582.884
21 39 1221.42
21 40 1489.56
21 41 571.909
21 42 530.558
21 43 1537.86
21 44 415.202
21 45 1305.84
21 46 1131.43
21 47 79.8812
21 48 1319.06
21 49 856.74
21 50 1332.6
21 51 1579.15
21 52 1010.24
21 53 801.011
21 54 1195.03
21 55 1272.01
21 56 1099.85
21 57 1042.51
21 58 1467.74
21 59 1319.46
21 60 1968.74
21 61 1474.95
21 62 1261.04
21 63 1726.44
21 64 539.073
21 65 1200.42
21 66 1449.28
21 67 343.513
21 68 656.325
21 69 501.862
21 70 1968.08
21 71 1897.94
21 72 577.821
21 73 523.011
21 74 286.681
21 75 756.711
21 76 1753.17
21 77 586.727
21 78 1363.15
21 79 682.022
21 80 1223.2
21 81 1486.48
21 82 1774.59
21 83 1547.41
21 84 616.458
21 85 1259.26
21 86 950.114
21 87 1233.02
21 88 1533.94
21 89 635.39
21 90 1819.02
21 91 1020.4
21 92 1467.09
21 93 1540.92
21 94 1306.12
21 95 1038.43
21 96 1132.81
21 97 1243.38
21 98 1417.12
21 99 1294.61
21 100 1288.91
21 101 1129.39
21 102 408.344
21 103 1298.64
21 104 1674.82
21 105 354.831
21 106 1548.71
21 107 461.85
21 108 812.121
22 1 1277.79
22 2 857.098
22 3 952.248
22 4 186.489
22 5 1395.32
22 6 494.49
22 7 1113.94
22 8 1684.23
22 9 1334.33
22 10 546.062
22 11 577.686
22 12 1858.86
22 13 1073.46
22 14 751.921
22 15 593.762
22 16 1035.81
22 17 730.875
22 18 237.842
22 19 1469.43
22 20 722.787
22 21 1249.31
22 23 1410.26
22 24 288.056
22 25 983.562
22 26 1360.44
22 27 954.322
22 28 1492.09
22 29 775.248
22 30 2014.33
22 31 683.184
22 32 1724.09
22 33 484.653
22 34 1594.69
22 35 1463.32
22 36 956.186
22 37 1868.1
22 38 1820.21
22 39 70.4344
22 40 1461.36
22 41 1322.24
22 42 829.55
22 43 382.897
22 44 1636.13
22 45 593.043
22 46 227.477
22 47 1174.79
22 48 1229.55
22 49 1415.49
22 50 874.309
22 51 948.458
22 52 1195.1
22 53 1205.83
22 54 307.527
22 55 499.77
22 56 1098.69
22 57 263.928
22 58 669.785
22 59 903.873
22 60 1032.65
22 61 984.574
22 62 1270.25
22 63 1248.92
22 64 752.671
22 65 1651.12
22 66 719.928
22 67 1412.13
22 68 1125.23
22 69 1624.04
22 70 1185.84
22 71 1267.89
22 72 1409.71
22 73 1054.51
22 74 1269.21
22 75 1355.64
22 76 736.838
22 77 713.045
22 78 485.618
22 79 1521.34
22 80 456.246
22 81 574.224
22 82 1068.92
22 83 1160.75
22 84 935.013
22 85 141.662
22 86 369.818
22 87 1207.38
22 88 419.863
22 89 1021.14
22 90 1204.2
22 91 458.206
22 92 310.846
22 93 877.488
22 94 1220.84
22 95 1359.17
22 96 1418.6
22 97 952.008
22 98 1815.44
22 99 1431.73
22 100 61.4003
22 101 308.415
22 102 1259.13
22 103 99.1564
22 104 1284
22 105 1601.43
22 106 1569.1
22 107 1044.87
22 108 491.961
23 1 134.618
23 2 557.245
23 3 534.792
23 4 1461.82
23 5 590.444
23 6 1089.71
23 7 1624.96
23 8 1869.2
23 9 829.212
23 10 919.035
23 11 1142.48
23 12 579.162
23 13 414.513
23 14 1911.46
23 15 1720.43
23 16 1484
23 17 1765.27
23 18 1612.84
23 19 1142.22
23 20 1622.21
23 21 1434.99
23 22 1410.26
23 24 1503.23
23 25 506.084
23 26 49.8197
23 27 1821.42
23 28 1338.08
23 29 636.475
23 30 704.359
23 31 1948.28
23 32 345.735
23 33 1842.93
23 34 809.119
23 35 134.715
23 36 492.631
23 37 697.5
23 38 1870.71
23 39 1339.82
23 40 58.6941
23 41 926.64
23 42 1034.63
23 43 1318.6
23 44 1511.32
23 45 1934.52
23 46 1534.11
23 47 1377.15
23 48 181.395
23 49 686.84
23 50 572.889
23 51 693.193
23 52 424.76
23 53 641.125
23 54 1650.97
23 55 940.549
23 56 374.339
23 57 1190.41
23 58 2052.32
23 59 534.218
23 60 1158.41
23 61 546.619
23 62 181.099
23 63 541.317
23 64 1446.33
23 65 548.77
23 66 823.074
23 67 1235.08
23 68 778.784
23 69 1332.67
23 70 970.729
23 71 770.44
23 72 983.728
23 73 1751.93
23 74 1690.15
23 75 753.069
23 76 1180.74
23 77 1103.49
23 78 1869.12
23 79 978.358
23 80 966.729
23 81 1975.29
23 82 806.635
23 83 413.749
23 84 863.232
23 85 1284.22
23 86 1124.3
23 87 229.957
23 88 1261.16
23 89 1817.54
23 90 720.161
23 91 973.609
23 92 1307.49
23 93 733.095
23 94 191.23
23 95 443.137
23 96 374.769
23 97 460.483
23 98 560.001
23 99 192.408
23 100 1469.89
23 101 1103.09
23 102 1784.7
23 103 1509.3
23 104 434.66
23 105 1586.58
23 106 159.477
23 107 981.837
23 108 1465.25
24 1 1368.63
24 2 949.822
24 3 1113.23
24 4 101.637
24 5 1587.78
24 6 439.936
24 7 1401.77
24 8 1971.97
24 9 1561.5
24 10 746.067
24 11 460.245
24 12 2003.46
24 13 1221.95
24 14 978.17
24 15 845.923
24 16 1323.39
24 17 990.686
24 18 433.499
24 19 1725.03
24 20 1002.06
24 21 1532.53
24 22 288.056
24 23 1503.23
24 25 1025.38
24 26 1454.38
24 27 1225.71
24 28 1762.78
24 29 897.286
24 30 2154.98
24 31 872.663
24 32 1836.84
24 33 634.086
24 34 1806.16
24 35 1577.7
24 36 1100.37
24 37 2035.57
24 38 2106.31
24 39 311.732
24 40 1548.14
24 41 1561.56
24 42 1088.6
24 43 220.731
24 44 1912.56
24 45 741.482
24 46 480.885
24 47 1456.89
24 48 1329.22
24 49 1620.81
24 50 934.345
24 51 929.88
24 52 1360.59
24 53 1409.43
24 54 512.879
24 55 564.604
24 56 1239.66
24 57 507.947
24 58 759.276
24 59 971.017
24 60 873.046
24 61 1009.51
24 62 1387.87
24 63 1236.63
24 64 1040.71
24 65 1820.11
24 66 716.034
24 67 1678.1
24 68 1349.72
24 69 1888.83
24 70 1073.86
24 71 1202.68
24 72 1651.97
24 73 1336.96
24 74 1557.2
24 75 1572.24
24 76 577.943
24 77 979.89
24 78 601.1
24 79 1757.65
24 80 548.802
24 81 637.003
24 82 1001.14
24 83 1188.86
24 84 1170.28
24 85 292.335
24 86 614.235
24 87 1325.57
24 88 283.952
24 89 1297.17
24 90 1151.69
24 91 645.434
24 92 199.902
24 93 860.833
24 94 1322.78
24 95 1530.15
24 96 1576.88
24 97 1046.51
24 98 1964.09
24 99 1558.72
24 100 265.409
24 101 482.477
24 102 1545.39
24 103 277.2
24 104 1294.13
24 105 1882.81
24 106 1657.03
24 107 1297.01
24 108 777.304
25 1 379.164
25 2 200.96
25 3 452.134
25 4 998.439
25 5 859.331
25 6 595.196
25 7 1517.33
25 8 1905.27
25 9 1000.87
25 10 610.66
25 11 637.831
25 12 1069.34
25 13 445.872
25 14 1602.93
25 15 1410.29
25 16 1379.79
25 17 1490.05
25 18 1208.88
25 19 1295.81
25 20 1377.4
25 21 1423.92
25 22 983.562
25 23 506.084
25 24 1025.38
25 26 462.196
25 27 1608.57
25 28 1448.58
25 29 315.93
25 30 1204.84
25 31 1601.72
25 32 851.78
25 33 1452.84
25 34 1115.11
25 35 611.805
25 36 382.782
25 37 1156.83
25 38 1956.14
25 39 915.087
25 40 540.668
25 41 1068.32
25 42 915.034
25 43 826.99
25 44 1631.04
25 45 1554.59
25 46 1149.44
25 47 1350.25
25 48 363.16
25 49 939.383
25 50 118.343
25 51 214.22
25 52 590.96
25 53 781.072
25 54 1261.46
25 55 485.077
25 56 427.286
25 57 813.708
25 58 1650.55
25 59 110.164
25 60 702.664
25 61 59.5063
25 62 454.99
25 63 319.226
25 64 1245.35
25 65 967.001
25 66 320.495
25 67 1339.78
25 68 845.952
25 69 1498
25 70 587.082
25 71 475.105
25 72 1152.68
25 73 1591.86
25 74 1623.07
25 75 955.263
25 76 678.012
25 77 924.978
25 78 1465.31
25 79 1200.18
25 80 527.881
25 81 1557.72
25 82 389.56
25 83 179.536
25 84 809.632
25 85 845.843
25 86 783.225
25 87 408.207
25 88 766.742
25 89 1629
25 90 396.914
25 91 616.64
25 92 825.863
25 93 234.062
25 94 363.186
25 95 732.522
25 96 726.086
25 97 188.621
25 98 1041.8
25 99 622.603
25 100 1038.49
25 101 696.375
25 102 1689.3
25 103 1079.17
25 104 313.193
25 105 1671.87
25 106 647.024
25 107 975
25 108 1172.25
26 1 86.0233
26 2 507.705
26 3 489.902
26 4 1412.45
26 5 580.45
26 6 1042.4
26 7 1588.25
26 8 1844.41
26 9 811.113
26 10 870.297
26 11 1097.03
26 12 614.479
26 13 372.211
26 14 1864.5
26 15 1673.21
26 16 1447.04
26 17 1719.51
26 18 1563.17
26 19 1125.32
26 20 1577.59
26 21 1404.65
26 22 1360.44
26 23 49.8197
26 24 1454.38
26 25 462.196
26 27 1778.8
26 28 1318.05
26 29 586.707
26 30 744.221
26 31 1900.02
26 32 390.427
26 33 1793.53
26 34 808.121
26 35 159.028
26 36 445.566
26 37 724.168
26 38 1850.42
26 39 1290.01
26 40 104.924
26 41 906.502
26 42 994.367
26 43 1270.8
26 44 1493.07
26 45 1885.36
26 46 1484.68
26 47 1345.29
26 48 131.765
26 49 676.489
26 50 525.304
26 51 654.083
26 52 395.602
26 53 616.231
26 54 1601.52
26 55 891.361
26 56 331.548
26 57 1140.88
26 58 2002.79
26 59 486.297
26 60 1124.71
26 61 504.874
26 62 144.184
26 63 519.925
26 64 1403.46
26 65 564.522
26 66 777.344
26 67 1213.86
26 68 749.408
26 69 1318.26
26 70 944.178
26 71 749.725
26 72 967.129
26 73 1712.2
26 74 1656.49
26 75 737.391
26 76 1138.74
26 77 1060.42
26 78 1819.51
26 79 967.839
26 80 917.164
26 81 1925.55
26 82 775.032
26 83 381.001
26 84 825.577
26 85 1234.47
26 86 1075.32
26 87 186.188
26 88 1213.69
26 89 1776.26
26 90 695.829
26 91 924.117
26 92 1258.95
26 93 691.469
26 94 141.905
26 95 432.005
26 96 372.228
26 97 410.878
26 98 592.352
26 99 200.552
26 100 1420.08
26 101 1053.28
26 102 1749.29
26 103 1459.48
26 104 415.915
26 105 1565.31
26 106 209.153
26 107 948.815
26 108 1418.29
27 1 1721.95
27 2 1413.46
27 3 1291.13
27 4 1130.03
27 5 1467.1
27 6 1371.85
27 7 387.883
27 8 915.967
27 9 1253.32
27 10 999.733
27 11 1483.98
27 12 2028.56
27 13 1406.95
27 14 385
27 15 397.368
27 16 455.379
27 17 250.599
27 18 811.062
27 19 1163.19
27 20 245.106
27 21 702.601
27 22 954.322
27 23 1821.42
27 24 1225.71
27 25 1608.57
27 26 1778.8
27 28 1045.19
27 29 1296.53
27 30 2177.15
27 31 557.754
27 32 2022.37
27 33 743.501
27 34 1528.76
27 35 1801.82
27 36 1344.98
27 37 1948.93
27 38 1095.35
27 39 968.015
27 40 1880.1
27 41 1173.2
27 42 794.091
27 43 1330.6
27 44 1093.45
27 45 710.697
27 46 745.085
27 47 679.15
27 48 1661.08
27 49 1423.32
27 50 1493.05
27 51 1685.97
27 52 1431.71
27 53 1285.72
27 54 740.357
27 55 1250.97
27 56 1447.36
27 57 891.76
27 58 860.103
27 59 1499.58
27 60 1931.76
27 61 1641.36
27 62 1641.35
27 63 1926.65
27 64 375.542
27 65 1762.96
27 66 1486.6
27 67 1033.34
27 68 1134.09
27 69 1204.45
27 70 2023.57
27 71 2032.76
27 72 1214.99
27 73 194.641
27 74 508.694
27 75 1324.67
27 76 1654.05
27 77 718.616
27 78 817.634
27 79 1334.58
27 80 1190.95
27 81 919.694
27 82 1859.94
27 83 1774.97
27 84 978.294
27 85 1041.59
27 86 863.114
27 87 1592.62
27 88 1356.32
27 89 90.1998
27 90 1956.3
27 91 1017.31
27 92 1255.53
27 93 1625.94
27 94 1648.3
27 95 1528.44
27 96 1620.67
27 97 1472.81
27 98 1976.88
27 99 1737.44
27 100 961.769
27 101 1025.09
27 102 421
27 103 948.967
27 104 1913.39
27 105 997
27 106 1966.23
27 107 924.143
27 108 485.473
28 1 1310.74
28 2 1272.04
28 3 996.451
28 4 1665.65
28 5 765.906
28 6 1622.1
28 7 662.737
28 8 554.939
28 9 509.907
28 10 1085.47
28 11 1743.73
28 12 1244.29
28 13 1028.05
28 14 1376.09
28 15 1268.88
28 16 600.561
28 17 1189.46
28 18 1515.57
28 19 211.367
28 20 1030.64
28 21 342.615
28 22 1492.09
28 23 1338.08
28 24 1762.78
28 25 1448.58
28 26 1318.05
28 27 1045.19
28 29 1190.6
28 30 1360.41
28 31 1520.77
28 32 1362.57
28 33 1602.68
28 34 659.007
28 35 1246.47
28 36 1066.04
28 37 1102.44
28 38 532.632
28 39 1452.87
28 40 1386.19
28 41 411.588
28 42 681.297
28 43 1731.97
28 44 182.483
28 45 1625.87
28 46 1408.7
28 47 376.733
28 48 1260.31
28 49 675.127
28 50 1378.24
28 51 1632.8
28 52 931.387
28 53 706.697
28 54 1486.06
28 55 1410.63
28 56 1060.9
28 57 1256.3
28 58 1787.87
28 59 1355.83
28 60 2070.08
28 61 1505.32
28 62 1182.48
28 63 1721.9
28 64 847.8
28 65 988.769
28 66 1546.23
