10
1 2 650.481
1 3 1170.81
1 4 1551.7
1 5 1990.11
1 6 1040.72
1 7 1474.27
1 8 1380.26
1 9 921.852
1 10 898.127
2 1 650.481
2 3 779.616
2 4 1273.38
2 5 1500.05
2 6 918.24
2 7 1310.18
2 8 762.443
2 9 1182.4
2 10 915.817
3 1 1170.81
3 2 779.616
3 4 508.178
3 5 827.457
3 6 437.635
3 7 621.631
3 8 598.469
3 9 1024.26
3 10 621.289
4 1 1551.7
4 2 1273.38
4 3 508.178
4 5 719.59
4 6 537.22
4 7 262.031
4 8 1011.26
4 9 1076.23
4 10 743.347
5 1 1990.11
5 2 1500.05
5 3 827.457
5 4 719.59
5 6 1151.52
5 7 980.658
5 8 860.93
5 9 1748.88
5 10 1368.56
6 1 1040.72
6 2 918.24
6 3 437.635
6 4 537.22
6 5 1151.52
6 7 435.726
6 8 1019.72
6 9 605.924
6 10 217.816
7 1 1474.27
7 2 1310.18
7 3 621.631
7 4 262.031
7 5 980.658
7 6 435.726
7 8 1193.8
7 9 866.878
7 10 596.812
8 1 1380.26
8 2 762.443
8 3 598.469
8 4 1011.26
8 5 860.93
8 6 1019.72
8 7 1193.8
8 9 1558.07
8 10 1167.85
9 1 921.852
9 2 1182.4
9 3 1024.26
9 4 1076.23
9 5 1748.88
9 6 605.924
9 7 866.878
9 8 1558.07
9 10 402.974
10 1 898.127
10 2 915.817
10 3 621.289
10 4 743.347
10 5 1368.56
10 6 217.816
10 7 596.812
10 8 1167.85
10 9 402.974
