50
1 2 687.233
1 3 197.246
1 4 1518.55
1 5 1472.7
1 6 332.015
1 7 1295.23
1 8 1014.55
1 9 573.781
1 10 1816.71
1 11 188.215
1 12 1153.02
1 13 783.888
1 14 852.41
1 15 1079.99
1 16 664.534
1 17 823.933
1 18 380.49
1 19 1353.98
1 20 1428.64
1 21 1621.28
1 22 1156.06
1 23 1272.26
1 24 1250.08
1 25 612.381
1 26 1203.33
1 27 422.765
1 28 431.028
1 29 1272.08
1 30 1347.15
1 31 1081.67
1 32 598.078
1 33 1743.87
1 34 589.767
1 35 1036.08
1 36 948.97
1 37 1390.86
1 38 626.218
1 39 307.072
1 40 218.002
1 41 855.479
1 42 662.451
1 43 2028
1 44 123.483
1 45 1122.4
1 46 104.307
1 47 426.298
1 48 1751.12
1 49 639.241
1 50 154.392
2 1 687.233
2 3 838.573
2 4 1877.29
2 5 2015.22
2 6 908.027
2 7 1669.54
2 8 1478.91
2 9 703.036
2 10 1909.08
2 11 851.607
2 12 1839.37
2 13 1108.95
2 14 1315.61
2 15 1699.75
2 16 814.609
2 17 1506.37
2 18 1067.04
2 19 2032.33
2 20 1719.02
2 21 1907.61
2 22 1247.22
2 23 1575.49
2 24 1748.25
2 25 1268.37
2 26 1879.74
2 27 738.578
2 28 1011.61
2 29 1407.57
2 30 1567.57
2 31 1755.58
2 32 1131.6
2 33 1945.17
2 34 1209.52
2 35 1218.26
2 36 1583.17
2 37 1700.09
2 38 1129.1
2 39 994.032
2 40 829.444
2 41 1328.83
2 42 1295.53
2 43 2617.86
2 44 809.87
2 45 1808.17
2 46 718.299
2 47 1085.2
2 48 1894.85
2 49 663.452
2 50 668.186
3 1 197.246
3 2 838.573
3 4 1341
3 5 1275.47
3 6 422.308
3 7 1118.1
3 8 826.325
3 9 532.369
3 10 1691.19
3 11 41.7253
3 12 1033.15
3 13 638.7
3 14 667.727
3 15 888.271
3 16 594.479
3 17 726.011
3 18 264.07
3 19 1194.67
3 20 1265.87
3 21 1455.98
3 22 1053.09
3 23 1110.26
3 24 1055.48
3 25 576.014
3 26 1110.4
3 27 351.147
3 28 494.923
3 29 1151.4
3 30 1202.3
3 31 995.664
3 32 407.064
3 33 1594.52
3 34 394.965
3 35 914.666
3 36 760.456
3 37 1224.89
3 38 440.828
3 39 227.695
3 40 44.6878
3 41 668.779
3 42 648.935
3 43 1833.67
3 44 124.78
3 45 979.956
3 46 121.828
3 47 409.224
3 48 1614.7
3 49 618.968
3 50 338.587
4 1 1518.55
4 2 1877.29
4 3 1341
4 5 613.555
4 6 1738.85
4 7 223.323
4 8 536.59
4 9 1174.27
4 10 749.2
4 11 1371.37
4 12 1611.09
4 13 776.989
4 14 676.924
4 15 913.348
4 16 1064.18
4 17 1573.07
4 18 1399.32
4 19 1394.54
4 20 222.874
4 21 216.529
4 22 777.906
4 23 313.637
4 24 459.07
4 25 1679.22
4 26 1798.25
4 27 1178.48
4 28 1779.3
4 29 639.691
4 30 425.883
4 31 1761.82
4 32 942.83
4 33 467.6
4 34 1061.61
4 35 701.416
4 36 989.897
4 37 204.277
4 38 901.499
4 39 1453.11
4 40 1307.26
4 41 680.038
4 42 1775.01
4 43 1133.06
4 44 1464.2
4 45 1445.14
4 46 1415.26
4 47 1617.65
4 48 604.665
4 49 1222.34
4 50 1671.77
5 1 1472.7
5 2 2015.22
5 3 1275.47
5 4 613.555
5 6 1583.09
5 7 591.338
5 8 559.536
5 9 1360.42
5 10 1361.46
5 11 1289.74
5 12 1129.39
5 13 968.241
5 14 708.215
5 15 483.596
5 16 1282.67
5 17 1201.15
5 18 1212.37
5 19 837.429
5 20 789.839
5 21 828.206
5 22 1220.78
5 23 772.312
5 24 293.375
5 25 1395.29
5 26 1322.7
5 27 1278.11
5 28 1586.78
5 29 1134.13
5 30 955.005
5 31 1319.31
5 32 893.983
5 33 1080.01
5 34 892.267
5 35 1078.02
5 36 616.429
5 37 742.898
5 38 888.034
5 39 1289.23
5 40 1258.9
5 41 691.921
5 42 1484.25
5 43 630.477
5 44 1377.73
5 45 960.54
5 46 1384.67
5 47 1401.75
5 48 1217.62
5 49 1441.97
5 50 1606.99
6 1 332.015
6 2 908.027
6 3 422.308
6 4 1738.85
6 5 1583.09
6 7 1518.35
6 8 1208.84
6 9 903.148
6 10 2113.04
6 11 383.782
6 12 996.496
6 13 1060.89
6 14 1062.14
6 15 1133.08
6 16 987.806
6 17 654.782
6 18 370.741
6 19 1274.96
6 20 1679.81
6 21 1867.25
6 22 1467.68
6 23 1525.36
6 24 1406.13
6 25 378.513
6 26 997.7
6 27 741.652
6 28 106.738
6 29 1572
6 30 1623.77
6 31 871.524
6 32 796.332
6 33 2014.34
6 34 704.029
6 35 1335
6 36 992.283
6 37 1636.59
6 38 840.907
6 39 296.285
6 40 465.034
6 41 1058.92
6 42 389.493
6 43 2075
6 44 301.944
6 45 1014.1
6 46 412.167
6 47 223.893
6 48 2036.92
6 49 971.134
6 50 249.57
7 1 1295.23
7 2 1669.54
7 3 1118.1
7 4 223.323
7 5 591.338
7 6 1518.35
7 8 327.756
7 9 967.497
7 10 822.35
7 11 1148.84
7 12 1455.36
7 13 562.481
7 14 456.369
7 15 769.801
7 16 861.609
7 17 1385.53
7 18 1183.86
7 19 1279.42
7 20 231.607
7 21 371.034
7 22 651.56
7 23 181.728
7 24 345.954
7 25 1473.04
7 26 1636.95
7 27 960.221
7 28 1561.31
7 29 546.576
7 30 364.726
7 31 1590.06
7 32 722.021
7 33 587.616
7 34 850.06
7 35 537.61
7 36 823.31
7 37 176.409
7 38 679.3
7 39 1234.94
7 40 1084.09
7 41 461.091
7 42 1568.88
7 43 1186.8
7 44 1241.52
7 45 1294.37
7 46 1191.96
7 47 1403.08
7 48 688.962
7 49 1022.82
7 50 1448.46
8 1 1014.55
8 2 1478.91
8 3 826.325
8 4 536.59
8 5 559.536
8 6 1208.84
8 7 327.756
8 9 804.866
8 10 1103.17
8 11 852.554
8 12 1158.08
8 13 408.873
8 14 166.928
8 15 509.763
8 16 723.427
8 17 1062.47
8 18 863.265
8 19 1033.81
8 20 538.6
8 21 698.102
8 22 730.042
8 23 415.895
8 24 272.976
8 25 1145.72
8 26 1332.65
8 27 741.653
8 28 1244.83
8 29 695.322
8 30 591.899
8 31 1277.06
8 32 419.64
8 33 901.415
8 34 525.092
8 35 564.354
8 36 526.984
8 37 484.991
8 38 388.567
8 39 919.318
8 40 797.479
8 41 159.765
8 42 1241.58
8 43 1188.68
8 44 945.884
8 45 1004.62
8 46 914.864
8 47 1081.19
8 48 982.229
8 49 883.589
8 50 1163.79
9 1 573.781
9 2 703.036
9 3 532.369
9 4 1174.27
9 5 1360.42
9 6 903.148
9 7 967.497
9 8 804.866
9 10 1292.46
9 11 572.477
9 12 1500.34
9 13 411.175
9 14 652.816
9 15 1134.61
9 16 118.152
9 17 1229.05
9 18 783.27
9 19 1573.32
9 20 1021.13
9 21 1212.45
9 22 614.101
9 23 874.406
9 24 1077.84
9 25 1108.01
9 26 1607.09
9 27 185.054
9 28 996.234
9 29 755.029
9 30 884.096
9 31 1500.86
9 32 552.047
9 33 1275.51
9 34 711.621
9 35 537.269
9 36 1049.96
9 37 999.405
9 38 522.611
9 39 759.647
9 40 490.667
9 41 670.404
9 42 1180.94
9 43 1983.4
9 44 618.612
9 45 1411.03
9 46 493.406
9 47 939.918
9 48 1249.87
9 49 100.18
9 50 703.957
10 1 1816.71
10 2 1909.08
10 3 1691.19
10 4 749.2
10 5 1361.46
10 6 2113.04
10 7 822.35
10 8 1103.17
10 9 1292.46
10 11 1730.81
10 12 2260.97
10 13 1055.96
10 14 1159.02
10 15 1588.99
10 16 1178.58
10 17 2146.53
10 18 1847.31
10 19 2101.77
10 20 591.826
10 21 541.4
10 22 679.154
10 23 687.492
10 24 1163.65
10 25 2173.83
10 26 2435.44
10 27 1398.68
10 28 2183.39
10 29 544.894
10 30 520.312
10 31 2375.8
10 32 1379.86
10 33 301.166
10 34 1559.4
10 35 780.71
10 36 1628.35
10 37 646.297
10 38 1323.23
10 39 1873.06
10 40 1648.05
10 41 1175.3
10 42 2266.64
10 43 1855.64
10 44 1811.55
10 45 2105.24
10 46 1716.77
10 47 2060.9
10 48 145.523
10 49 1281.67
10 50 1965.25
11 1 188.215
11 2 851.607
11 3 41.7253
11 4 1371.37
11 5 1289.74
11 6 383.782
11 7 1148.84
11 8 852.554
11 9 572.477
11 10 1730.81
11 12 1007.81
11 13 677.248
11 14 696.259
11 15 891.777
11 16 635.964
11 17 695.414
11 18 233.019
11 19 1180.82
11 20 1300.41
11 21 1489.78
11 22 1094.37
11 23 1145.12
11 24 1076.15
11 25 536.885
11 26 1079.86
11 27 392.103
11 28 454.137
11 29 1191.67
11 30 1240.04
11 31 963.756
11 32 432.946
11 33 1631.32
11 34 402.505
11 35 955.071
11 36 761.104
11 37 1258.73
11 38 470.004
11 39 189.256
11 40 86.3713
11 41 696.268
11 42 608.487
11 43 1840.03
11 44 93.3435
11 45 960.337
11 46 134.406
11 47 368.164
11 48 1653.25
11 49 657.932
11 50 318.248
12 1 1153.02
12 2 1839.37
12 3 1033.15
12 4 1611.09
12 5 1129.39
12 6 996.496
12 7 1455.36
12 8 1158.08
12 9 1500.34
12 10 2260.97
12 11 1007.81
12 13 1348.73
12 14 1130.21
12 15 698.49
12 16 1511.41
12 17 342.148
12 18 777.979
12 19 382.734
12 20 1684.06
12 21 1813.53
12 22 1805.03
12 23 1573.48
12 24 1153.36
12 25 625.32
12 26 193.329
12 27 1321.42
12 28 923.91
12 29 1821.46
12 30 1748.45
12 31 221.461
12 32 1003.28
12 33 2042.9
12 34 808.678
12 35 1630.54
12 36 633.392
12 37 1628.74
12 38 1056.21
12 39 845.981
12 40 1059.25
12 41 1109.82
12 42 656.538
12 43 1348.49
12 44 1032.05
12 45 169.594
12 46 1140.35
12 47 778.607
12 48 2137.14
12 49 1599.24
12 50 1189.24
13 1 783.888
13 2 1108.95
13 3 638.7
13 4 776.989
13 5 968.241
13 6 1060.89
13 7 562.481
13 8 408.873
13 9 411.175
13 10 1055.96
13 11 677.248
13 12 1348.73
13 14 283.524
13 15 829.031
13 16 317.624
13 17 1152.48
13 18 797.509
13 19 1326.17
13 20 652.338
13 21 846.643
13 22 464.57
13 23 497.031
13 24 678.617
13 25 1131.22
13 26 1493.7
13 27 403.943
13 28 1127.96
13 29 525.711
13 30 564.836
13 31 1409.11
13 32 355.844
13 33 960.272
13 34 553.781
13 35 297.995
13 36 783.597
13 37 620.31
13 38 298.605
13 39 818.001
13 40 596.802
13 41 305.66
13 42 1221.24
13 43 1597.53
13 44 761.514
13 45 1223.64
13 46 680.153
13 47 1007.06
13 48 976.027
13 49 480.139
13 50 937.595
14 1 852.41
14 2 1315.61
14 3 667.727
14 4 676.924
14 5 708.215
14 6 1062.14
14 7 456.369
14 8 166.928
14 9 652.816
14 10 1159.02
14 11 696.259
14 12 1130.21
14 13 283.524
14 15 552.11
14 16 581.726
14 17 987.611
14 18 731.025
14 19 1062.41
14 20 635.928
14 21 813.814
14 22 687.082
14 23 491.302
14 24 432.653
14 25 1033.98
14 26 1292.18
14 27 577.294
14 28 1105.51
14 29 691.25
14 30 638.713
14 31 1222.88
14 32 265.912
14 33 991.704
14 34 408.232
14 35 512.298
14 36 525.13
14 37 587.218
14 38 226.974
14 39 779.187
14 40 636.673
14 41 23.0217
14 42 1129.22
14 43 1330.96
14 44 789.462
14 45 989.746
14 46 751.517
14 47 950.783
14 48 1051
14 49 737.201
14 50 1003.2
15 1 1079.99
15 2 1699.75
15 3 888.271
15 4 913.348
15 5 483.596
15 6 1133.08
15 7 769.801
15 8 509.763
15 9 1134.61
15 10 1588.99
15 11 891.777
15 12 698.49
15 13 829.031
15 14 552.11
15 16 1093.41
15 17 719.762
15 18 766.543
15 19 524.081
15 20 1001.24
15 21 1118.65
15 22 1228.72
15 23 907.672
15 24 454.948
15 25 914.864
15 26 887.721
15 27 1000.47
15 28 1124.08
15 29 1204.8
15 30 1092.99
15 31 862.682
15 32 587.721
15 33 1353.86
15 34 495.007
15 35 1056.72
15 36 141.06
15 37 945.859
15 38 612.008
15 39 848.964
15 40 883.902
15 41 529.095
15 42 1002.3
15 43 951.038
15 44 969.807
15 45 531.806
15 46 1007.81
15 47 936.755
15 48 1458.33
15 49 1230.81
15 50 1196.1
16 1 664.534
16 2 814.609
16 3 594.479
16 4 1064.18
16 5 1282.67
16 6 987.806
16 7 861.609
16 8 723.427
16 9 118.152
16 10 1178.58
16 11 635.964
16 12 1511.41
16 13 317.624
16 14 581.726
16 15 1093.41
16 17 1258.81
16 18 829.544
16 19 1555.28
16 20 905.762
16 21 1096.26
16 22 502.195
16 23 760.897
16 24 995.029
16 25 1162.71
16 26 1629.93
16 27 246.951
16 28 1076.08
16 29 638.806
16 30 766.084
16 31 1529
16 32 528.458
16 33 1157.39
16 34 707.472
16 35 419.144
16 36 1021.06
16 37 885.579
16 38 488.821
16 39 816.99
16 40 550.514
16 41 601.363
16 42 1240.84
16 43 1910.14
16 44 693.862
16 45 1410.73
16 46 575.657
16 47 1003.29
16 48 1133.14
16 49 163.132
16 50 802.588
17 1 823.933
17 2 1506.37
17 3 726.011
17 4 1573.07
17 5 1201.15
17 6 654.782
17 7 1385.53
17 8 1062.47
17 9 1229.05
17 10 2146.53
17 11 695.414
17 12 342.148
17 13 1152.48
17 14 987.611
17 15 719.762
17 16 1258.81
17 18 462.477
17 19 649.658
17 20 1600.85
17 21 1756.06
17 22 1617.04
17 23 1469.75
17 24 1138.76
17 25 289.945
17 26 384.47
17 27 1044.84
17 28 585.813
17 29 1661.28
17 30 1626.23
17 31 271.93
17 32 796.706
17 33 1963.47
17 34 600.211
17 35 1448.15
17 36 600.847
17 37 1547.45
17 38 854.31
17 39 519.782
17 40 758.125
17 41 971.272
17 42 340.425
17 43 1554.61
17 44 706.378
17 45 378.636
17 46 823.176
17 47 436.555
17 48 2035.67
17 49 1324.55
17 50 849.73
18 1 380.49
18 2 1067.04
18 3 264.07
18 4 1399.32
18 5 1212.37
18 6 370.741
18 7 1183.86
18 8 863.265
18 9 783.27
18 10 1847.31
18 11 233.019
18 12 777.979
18 13 797.509
18 14 731.025
18 15 766.543
18 16 829.544
18 17 462.477
18 19 977.442
18 20 1364.75
18 21 1544.83
18 22 1247.39
18 23 1215.21
18 24 1042.25
18 25 338.001
18 26 846.945
18 27 598.385
18 28 385.012
18 29 1323.22
18 30 1337.59
18 31 731.61
18 32 474.573
18 33 1714.02
18 34 342.374
18 35 1092.36
18 36 626.663
18 37 1317.43
18 38 528.161
18 39 85.0412
18 40 298.613
18 41 723.661
18 42 424.662
18 43 1714.1
18 44 257.257
18 45 741.923
18 46 362.994
18 47 219.784
18 48 1755.81
18 49 874.769
18 50 452.305
19 1 1353.98
19 2 2032.33
19 3 1194.67
19 4 1394.54
19 5 837.429
19 6 1274.96
19 7 1279.42
19 8 1033.81
19 9 1573.32
19 10 2101.77
19 11 1180.82
19 12 382.734
19 13 1326.17
19 14 1062.41
19 15 524.081
19 16 1555.28
19 17 649.658
19 18 977.442
19 20 1510.42
19 21 1608.2
19 22 1747.16
19 23 1427.34
19 24 942.733
19 25 935.831
19 26 553.177
19 27 1412.44
19 28 1222.15
19 29 1728.58
19 30 1614.51
19 31 604.194
19 32 1027.04
19 33 1852.46
19 34 865.069
19 35 1573.47
19 36 542.628
19 37 1455.61
19 38 1067.75
19 39 1059
19 40 1208.32
19 41 1039.59
19 42 989.596
19 43 968.496
19 44 1230.83
19 45 271.28
19 46 1314.1
19 47 1051.18
19 48 1967.15
19 49 1673.2
19 50 1425.75
20 1 1428.64
20 2 1719.02
20 3 1265.87
20 4 222.874
20 5 789.839
20 6 1679.81
20 7 231.607
20 8 538.6
20 9 1021.13
20 10 591.826
20 11 1300.41
20 12 1684.06
20 13 652.338
20 14 635.928
20 15 1001.24
20 16 905.762
20 17 1600.85
20 18 1364.75
20 19 1510.42
20 21 194.371
20 22 564.358
20 23 156.387
20 24 572.225
20 25 1669.22
20 26 1863.94
20 27 1054.35
20 28 1732.26
20 29 419.129
20 30 203.944
20 31 1813.43
20 32 891.785
20 33 362.84
20 34 1043.03
20 35 511.353
20 36 1051
20 37 55.4437
20 38 841.885
20 39 1407.64
20 40 1227.82
20 41 646.363
20 42 1764.67
20 43 1345.79
20 44 1390.65
20 45 1524.28
20 46 1324.33
20 47 1584.42
20 48 457.359
20 49 1056.5
20 50 1583.02
21 1 1621.28
21 2 1907.61
21 3 1455.98
21 4 216.529
21 5 828.206
21 6 1867.25
21 7 371.034
21 8 698.102
21 9 1212.45
21 10 541.4
21 11 1489.78
21 12 1813.53
21 13 846.643
21 14 813.814
21 15 1118.65
21 16 1096.26
21 17 1756.06
21 18 1544.83
21 19 1608.2
21 20 194.371
21 22 719.806
21 23 350.001
21 24 668.037
21 25 1841.39
21 26 1998.36
21 27 1248.7
21 28 1916.77
21 29 560.422
21 30 354.16
21 31 1956.23
21 32 1074.92
21 33 251.803
21 34 1216.37
21 35 692.845
21 36 1185.85
21 37 231.089
21 38 1027.06
21 39 1591.1
21 40 1418.63
21 41 821.894
21 42 1937.16
21 43 1319.01
21 44 1580.69
21 45 1649.35
21 46 1516.98
21 47 1764.6
21 48 395.885
21 49 1244.28
21 50 1775.66
22 1 1156.06
22 2 1247.22
22 3 1053.09
22 4 777.906
22 5 1220.78
22 6 1467.68
22 7 651.56
22 8 730.042
22 9 614.101
22 10 679.154
22 11 1094.37
22 12 1805.03
22 13 464.57
22 14 687.082
22 15 1228.72
22 16 502.195
22 17 1617.04
22 18 1247.39
22 19 1747.16
22 20 564.358
22 21 719.806
22 23 479.15
22 24 937.244
22 25 1584.66
22 26 1955.33
22 27 733.461
22 28 1547.5
22 29 165.641
22 30 367.349
22 31 1872.96
22 32 820.402
22 33 703.489
22 34 1018.07
22 35 175.231
22 36 1212.21
22 37 573.629
22 38 763.027
22 39 1256.68
22 40 1008.57
22 41 709.474
22 42 1671.86
22 43 1834.79
22 44 1166.66
22 45 1672.28
22 46 1060.36
22 47 1447.47
22 48 648.562
22 49 603.911
22 50 1299.85
23 1 1272.26
23 2 1575.49
23 3 1110.26
23 4 313.637
23 5 772.312
23 6 1525.36
23 7 181.728
23 8 415.895
23 9 874.406
23 10 687.492
23 11 1145.12
23 12 1573.48
23 13 497.031
23 14 491.302
23 15 907.672
23 16 760.897
23 17 1469.75
23 18 1215.21
23 19 1427.34
23 20 156.387
23 21 350.001
23 22 479.15
23 24 515.062
23 25 1524.9
23 26 1748.53
23 27 900.028
23 28 1579.47
23 29 365.322
23 30 190.158
23 31 1691.48
23 32 741.005
23 33 500.538
23 34 899.52
23 35 387.981
23 36 941.034
23 37 125.16
23 38 689.705
23 39 1255.75
23 40 1071.93
23 41 503.925
23 42 1619.96
23 43 1366.9
23 44 1235.04
23 45 1418.25
23 46 1167.95
23 47 1434.52
23 48 567.313
23 49 915.645
23 50 1426.64
24 1 1250.08
24 2 1748.25
24 3 1055.48
24 4 459.07
24 5 293.375
24 6 1406.13
24 7 345.954
24 8 272.976
24 9 1077.84
24 10 1163.65
24 11 1076.15
24 12 1153.36
24 13 678.617
24 14 432.653
24 15 454.948
24 16 995.029
24 17 1138.76
24 18 1042.25
24 19 942.733
24 20 572.225
24 21 668.037
24 22 937.244
24 23 515.062
24 25 1280.2
24 26 1341.86
24 27 1009.81
24 28 1426.81
24 29 864.005
24 30 704.665
24 31 1310.77
24 32 653.833
24 33 909.871
24 34 702.204
24 35 788.48
24 36 542.03
24 37 518.664
24 38 635.94
24 39 1110.17
24 40 1032.3
24 41 419.777
24 42 1374.41
24 43 923.55
24 44 1168.09
24 45 986.657
24 46 1154.98
24 47 1250.12
24 48 1026.36
24 49 1155.91
24 50 1393.56
25 1 612.381
25 2 1268.37
25 3 576.014
25 4 1679.22
25 5 1395.29
25 6 378.513
25 7 1473.04
25 8 1145.72
25 9 1108.01
25 10 2173.83
25 11 536.885
25 12 625.32
25 13 1131.22
25 14 1033.98
25 15 914.864
25 16 1162.71
25 17 289.945
25 18 338.001
25 19 935.831
25 20 1669.22
25 21 1841.39
25 22 1584.66
25 23 1524.9
25 24 1280.2
25 26 619.639
25 27 925.069
25 28 298.739
25 29 1656.44
25 30 1659.11
25 31 493.569
25 32 794.081
25 33 2025.44
25 34 626.199
25 35 1427.69
25 36 778.879
25 37 1619.24
25 38 850.61
25 39 348.398
25 40 617.353
25 41 1022.87
25 42 95.8593
25 43 1809.56
25 44 512.556
25 45 666.202
25 46 642.223
25 47 186.526
25 48 2076.85
25 49 1194.79
25 50 600.454
26 1 1203.33
26 2 1879.74
26 3 1110.4
26 4 1798.25
26 5 1322.7
26 6 997.7
26 7 1636.95
26 8 1332.65
26 9 1607.09
26 10 2435.44
26 11 1079.86
26 12 193.329
26 13 1493.7
26 14 1292.18
26 15 887.721
26 16 1629.93
26 17 384.47
26 18 846.945
26 19 553.177
26 20 1863.94
26 21 1998.36
26 22 1955.33
26 23 1748.53
26 24 1341.86
26 25 619.639
26 27 1424.02
26 28 910.864
26 29 1981.75
26 30 1919.63
26 31 126.194
26 32 1141.1
26 33 2224.45
26 34 942.851
26 35 1782.32
26 36 813.665
26 37 1808.81
26 38 1196.55
26 39 902.319
26 40 1142.02
26 41 1272.8
26 42 622.101
26 43 1521.1
26 44 1088.15
26 45 362.693
26 46 1207
26 47 796.144
26 48 2314.38
26 49 1703.87
26 50 1215.27
27 1 422.765
27 2 738.578
27 3 351.147
27 4 1178.48
27 5 1278.11
27 6 741.652
27 7 960.221
27 8 741.653
27 9 185.054
27 10 1398.68
27 11 392.103
27 12 1321.42
27 13 403.943
27 14 577.294
27 15 1000.47
27 16 246.951
27 17 1044.84
27 18 598.385
27 19 1412.44
27 20 1054.35
27 21 1248.7
27 22 733.461
27 23 900.028
27 24 1009.81
27 25 925.069
27 26 1424.02
27 28 829.145
27 29 853.868
27 30 947.191
27 31 1316.74
27 32 413.29
27 33 1345.1
27 34 547.373
27 35 620.201
27 36 903.12
27 37 1023.91
27 38 398.814
27 39 577.097
27 40 308.248
27 41 590.263
27 42 999.928
27 43 1888.05
27 44 446.947
27 45 1238.18
27 46 329.912
27 47 760.263
27 48 1339.88
27 49 279.866
27 50 567.3
28 1 431.028
28 2 1011.61
28 3 494.923
28 4 1779.3
28 5 1586.78
28 6 106.738
28 7 1561.31
28 8 1244.83
28 9 996.234
28 10 2183.39
28 11 454.137
28 12 923.91
28 13 1127.96
28 14 1105.51
28 15 1124.08
28 16 1076.08
28 17 585.813
28 18 385.012
28 19 1222.15
28 20 1732.26
28 21 1916.77
28 22 1547.5
28 23 1579.47
28 24 1426.81
28 25 298.739
28 26 910.864
28 27 829.145
28 29 1645.57
28 30 1686.78
28 31 784.847
28 32 841.894
28 33 2073.25
28 34 727.248
28 35 1409.11
28 36 983.13
28 37 1687.19
28 38 890.398
28 39 326.377
28 40 539.203
28 41 1100.24
28 42 292.985
28 43 2054.64
28 44 382.833
28 45 956.046
28 46 502.897
28 47 187.619
28 48 2102.48
28 49 1067.79
28 50 356.295
29 1 1272.08
29 2 1407.57
29 3 1151.4
29 4 639.691
29 5 1134.13
29 6 1572
29 7 546.576
29 8 695.322
29 9 755.029
29 10 544.894
29 11 1191.67
29 12 1821.46
29 13 525.711
29 14 691.25
29 15 1204.8
29 16 638.806
29 17 1661.28
29 18 1323.22
29 19 1728.58
29 20 419.129
29 21 560.422
29 22 165.641
29 23 365.322
29 24 864.005
29 25 1656.44
29 26 1981.75
29 27 853.868
29 28 1645.57
29 30 215.601
29 31 1907.74
29 32 870.483
29 33 539.216
29 34 1062.08
29 35 237.034
29 36 1207.45
29 37 437.896
29 38 812.481
29 39 1341.91
29 40 1107.71
29 41 711.758
29 42 1746.84
29 43 1732.03
29 44 1270.09
29 45 1679.31
29 46 1172.62
29 47 1531.72
29 48 495.169
29 49 756.112
29 50 1420.37
30 1 1347.15
30 2 1567.57
30 3 1202.3
30 4 425.883
30 5 955.005
30 6 1623.77
30 7 364.726
30 8 591.899
30 9 884.096
30 10 520.312
30 11 1240.04
30 12 1748.45
30 13 564.836
30 14 638.713
30 15 1092.99
30 16 766.084
30 17 1626.23
30 18 1337.59
30 19 1614.51
30 20 203.944
30 21 354.16
30 22 367.349
30 23 190.158
30 24 704.665
30 25 1659.11
30 26 1919.63
30 27 947.191
30 28 1686.78
30 29 215.601
30 31 1857.14
30 32 865.564
30 33 398.028
30 34 1040.6
30 35 349.676
30 36 1118.83
30 37 228.002
30 38 810.085
30 39 1369.26
30 40 1161.01
30 41 655.039
30 42 1752.81
30 43 1535.01
30 44 1325.78
30 45 1596.43
30 46 1243.92
30 47 1554.15
30 48 418.249
30 49 905.108
30 50 1500.1
31 1 1081.67
31 2 1755.58
31 3 995.664
31 4 1761.82
31 5 1319.31
31 6 871.524
31 7 1590.06
31 8 1277.06
31 9 1500.86
31 10 2375.8
31 11 963.756
31 12 221.461
31 13 1409.11
31 14 1222.88
31 15 862.682
31 16 1529
31 17 271.93
31 18 731.61
31 19 604.194
31 20 1813.43
31 21 1956.23
31 22 1872.96
31 23 1691.48
31 24 1310.77
31 25 493.569
31 26 126.194
31 27 1316.74
31 28 784.847
31 29 1907.74
31 30 1857.14
31 32 1053.95
31 33 2175.7
31 34 855.468
31 35 1701.67
31 36 771.923
31 37 1758.79
31 38 1110.62
31 39 783.207
31 40 1028.85
31 41 1204.63
31 42 496.952
31 43 1568.91
31 44 968.033
31 45 369.395
31 46 1088.89
31 47 671.126
31 48 2258.73
31 49 1596.47
31 50 1090.21
32 1 598.078
32 2 1131.6
32 3 407.064
32 4 942.83
32 5 893.983
32 6 796.332
32 7 722.021
32 8 419.64
32 9 552.047
32 10 1379.86
32 11 432.946
32 12 1003.28
32 13 355.844
32 14 265.912
32 15 587.721
32 16 528.458
32 17 796.706
32 18 474.573
32 19 1027.04
32 20 891.785
32 21 1074.92
32 22 820.402
32 23 741.005
32 24 653.833
32 25 794.081
32 26 1141.1
32 27 413.29
32 28 841.894
32 29 870.483
32 30 865.564
32 31 1053.95
32 33 1239.45
32 34 198.595
32 35 651.842
32 36 497.926
32 37 845.729
32 38 58.0517
32 39 516.236
32 40 380.118
32 41 264.002
32 42 887.384
32 43 1486.35
32 44 526.286
32 45 889.567
32 46 501.343
32 47 693.577
32 48 1283.68
32 49 650.594
32 50 745.252
33 1 1743.87
33 2 1945.17
33 3 1594.52
33 4 467.6
33 5 1080.01
33 6 2014.34
33 7 587.616
33 8 901.415
33 9 1275.51
33 10 301.166
33 11 1631.32
33 12 2042.9
33 13 960.272
33 14 991.704
33 15 1353.86
33 16 1157.39
33 17 1963.47
33 18 1714.02
33 19 1852.46
33 20 362.84
33 21 251.803
33 22 703.489
33 23 500.538
33 24 909.871
33 25 2025.44
33 26 2224.45
33 27 1345.1
33 28 2073.25
33 29 539.216
33 30 398.028
33 31 2175.7
33 32 1239.45
33 34 1399.93
33 35 738.245
33 36 1410.87
33 37 417.024
33 38 1186.69
33 39 1751.75
33 40 1554.09
33 41 1003.81
33 42 2120.48
33 43 1555.49
33 44 1718.69
33 45 1881.3
33 46 1640.33
33 47 1932.83
33 48 160.031
33 49 1288.2
33 50 1897.19
34 1 589.767
34 2 1209.52
34 3 394.965
34 4 1061.61
34 5 892.267
34 6 704.029
34 7 850.06
34 8 525.092
34 9 711.621
34 10 1559.4
34 11 402.505
34 12 808.678
34 13 553.781
34 14 408.232
34 15 495.007
34 16 707.472
34 17 600.211
34 18 342.374
34 19 865.069
34 20 1043.03
34 21 1216.37
34 22 1018.07
34 23 899.52
34 24 702.204
34 25 626.199
34 26 942.851
34 27 547.373
34 28 727.248
34 29 1062.08
34 30 1040.6
34 31 855.468
34 32 198.595
34 33 1399.93
34 35 848.157
34 36 373.655
34 37 993.129
34 38 255.19
34 39 407.966
34 40 388.909
34 41 396.688
34 42 721.688
34 43 1438.74
34 44 487.082
34 45 703.314
34 46 513.249
34 47 557.366
34 48 1456.36
34 49 811.798
34 50 716.464
35 1 1036.08
35 2 1218.26
35 3 914.666
35 4 701.416
35 5 1078.02
35 6 1335
35 7 537.61
35 8 564.354
35 9 537.269
35 10 780.71
35 11 955.071
35 12 1630.54
35 13 297.995
35 14 512.298
35 15 1056.72
35 16 419.144
35 17 1448.15
35 18 1092.36
35 19 1573.47
35 20 511.353
35 21 692.845
35 22 175.231
35 23 387.981
35 24 788.48
35 25 1427.69
35 26 1782.32
35 27 620.201
35 28 1409.11
35 29 237.034
35 30 349.676
35 31 1701.67
35 32 651.842
35 33 738.245
35 34 848.157
35 36 1037.39
35 37 503.698
35 38 594.003
35 39 1107.9
35 40 870.873
35 41 534.802
35 42 1516.82
35 43 1701.08
35 44 1033.09
35 45 1497.11
35 46 936.09
35 47 1298.2
35 48 720.342
35 49 555.462
35 50 1185.25
36 1 948.97
36 2 1583.17
36 3 760.456
36 4 989.897
36 5 616.429
36 6 992.283
36 7 823.31
36 8 526.984
36 9 1049.96
36 10 1628.35
36 11 761.104
36 12 633.392
36 13 783.597
36 14 525.13
36 15 141.06
36 16 1021.06
36 17 600.847
36 18 626.663
36 19 542.628
36 20 1051
36 21 1185.85
36 22 1212.21
36 23 941.034
36 24 542.03
36 25 778.879
36 26 813.665
36 27 903.12
36 28 983.13
36 29 1207.45
36 30 1118.83
36 31 771.923
36 32 497.926
36 33 1410.87
36 34 373.655
36 35 1037.39
36 37 995.751
36 38 532.353
36 39 709.627
36 40 759.518
36 41 502.765
36 42 868.009
36 43 1088.42
36 44 836.092
36 45 477.636
36 46 881.336
36 47 795.88
36 48 1503.77
36 49 1148.47
36 50 1060.61
37 1 1390.86
37 2 1700.09
37 3 1224.89
37 4 204.277
37 5 742.898
37 6 1636.59
37 7 176.409
37 8 484.991
37 9 999.405
37 10 646.297
37 11 1258.73
37 12 1628.74
37 13 620.31
37 14 587.218
37 15 945.859
37 16 885.579
37 17 1547.45
37 18 1317.43
37 19 1455.61
37 20 55.4437
37 21 231.089
37 22 573.629
37 23 125.16
37 24 518.664
37 25 1619.24
37 26 1808.81
37 27 1023.91
37 28 1687.19
37 29 437.896
37 30 228.002
37 31 1758.79
37 32 845.729
37 33 417.024
37 34 993.129
37 35 503.698
37 36 995.751
37 38 796.979
37 39 1361.94
37 40 1187.58
37 41 596.789
37 42 1714.8
37 43 1309.08
37 44 1349.6
37 45 1468.86
37 46 1286.59
37 47 1537.2
37 48 512.606
37 49 1039.46
37 50 1545.23
38 1 626.218
38 2 1129.1
38 3 440.828
38 4 901.499
38 5 888.034
38 6 840.907
38 7 679.3
38 8 388.567
38 9 522.611
38 10 1323.23
38 11 470.004
38 12 1056.21
38 13 298.605
38 14 226.974
38 15 612.008
38 16 488.821
38 17 854.31
38 18 528.161
38 19 1067.75
38 20 841.885
38 21 1027.06
38 22 763.027
38 23 689.705
38 24 635.94
38 25 850.61
38 26 1196.55
38 27 398.814
38 28 890.398
38 29 812.481
38 30 810.085
38 31 1110.62
38 32 58.0517
38 33 1186.69
38 34 255.19
38 35 594.003
38 36 532.353
38 37 796.979
38 39 566.048
38 40 409.844
38 41 229.262
38 42 943.547
38 43 1490.53
38 44 563.032
38 45 939.012
38 46 526.305
38 47 746.279
38 48 1228.32
38 49 619.279
38 50 776.408
39 1 307.072
39 2 994.032
39 3 227.695
39 4 1453.11
39 5 1289.23
39 6 296.285
39 7 1234.94
39 8 919.318
39 9 759.647
39 10 1873.06
39 11 189.256
39 12 845.981
39 13 818.001
39 14 779.187
39 15 848.964
39 16 816.99
39 17 519.782
39 18 85.0412
39 19 1059
39 20 1407.64
39 21 1591.1
39 22 1256.68
39 23 1255.75
39 24 1110.17
39 25 348.398
39 26 902.319
39 27 577.097
39 28 326.377
39 29 1341.91
39 30 1369.26
39 31 783.207
39 32 516.236
39 33 1751.75
39 34 407.966
39 35 1107.9
39 36 709.627
39 37 1361.94
39 38 566.048
39 40 269.046
39 41 773.866
39 42 423.851
39 43 1797.66
39 44 186.818
39 45 819.074
39 46 306.106
39 47 190.79
39 48 1786.64
39 49 846.643
39 50 368.266
40 1 218.002
40 2 829.444
40 3 44.6878
40 4 1307.26
40 5 1258.9
40 6 465.034
40 7 1084.09
40 8 797.479
40 9 490.667
40 10 1648.05
40 11 86.3713
40 12 1059.25
40 13 596.802
40 14 636.673
40 15 883.902
40 16 550.514
40 17 758.125
40 18 298.613
40 19 1208.32
40 20 1227.82
40 21 1418.63
40 22 1008.57
40 23 1071.93
40 24 1032.3
40 25 617.353
40 26 1142.02
40 27 308.248
40 28 539.203
40 29 1107.71
40 30 1161.01
40 31 1028.85
40 32 380.118
40 33 1554.09
40 34 388.909
40 35 870.873
40 36 759.518
40 37 1187.58
40 38 409.844
40 39 269.046
40 41 638.875
40 42 691.725
40 43 1825.13
40 44 164.77
40 45 1000.05
40 46 126.194
40 47 452.832
40 48 1572.57
40 49 578.849
40 50 366.565
41 1 855.479
41 2 1328.83
41 3 668.779
41 4 680.038
41 5 691.921
41 6 1058.92
41 7 461.091
41 8 159.765
41 9 670.404
41 10 1175.3
41 11 696.268
41 12 1109.82
41 13 305.66
41 14 23.0217
41 15 529.095
41 16 601.363
41 17 971.272
41 18 723.661
41 19 1039.59
41 20 646.363
41 21 821.894
41 22 709.474
41 23 503.925
41 24 419.777
41 25 1022.87
41 26 1272.8
41 27 590.263
41 28 1100.24
41 29 711.758
41 30 655.039
41 31 1204.63
41 32 264.002
41 33 1003.81
41 34 396.688
41 35 534.802
41 36 502.765
41 37 596.789
41 38 229.262
41 39 773.866
41 40 638.875
41 42 1118.3
41 43 1313.01
41 44 789.585
41 45 968.476
41 46 755.378
41 47 943.255
41 48 1065.8
41 49 755.86
41 50 1005.4
42 1 662.451
42 2 1295.53
42 3 648.935
42 4 1775.01
42 5 1484.25
42 6 389.493
42 7 1568.88
42 8 1241.58
42 9 1180.94
42 10 2266.64
42 11 608.487
42 12 656.538
42 13 1221.24
42 14 1129.22
42 15 1002.3
42 16 1240.84
42 17 340.425
42 18 424.662
42 19 989.596
42 20 1764.67
42 21 1937.16
42 22 1671.86
42 23 1619.96
42 24 1374.41
42 25 95.8593
42 26 622.101
42 27 999.928
42 28 292.985
42 29 1746.84
42 30 1752.81
42 31 496.952
42 32 887.384
42 33 2120.48
42 34 721.688
42 35 1516.82
42 36 868.009
42 37 1714.8
42 38 943.547
42 39 423.851
42 40 691.725
42 41 1118.3
42 43 1884.2
42 44 573.161
42 45 718.337
42 46 703.938
42 47 242.44
42 48 2170.75
42 49 1264.9
42 50 629.23
43 1 2028
43 2 2617.86
43 3 1833.67
43 4 1133.06
43 5 630.477
43 6 2075
43 7 1186.8
43 8 1188.68
43 9 1983.4
43 10 1855.64
43 11 1840.03
43 12 1348.49
43 13 1597.53
43 14 1330.96
43 15 951.038
43 16 1910.14
43 17 1554.61
43 18 1714.1
43 19 968.496
43 20 1345.79
43 21 1319.01
43 22 1834.79
43 23 1366.9
43 24 923.55
43 25 1809.56
43 26 1521.1
43 27 1888.05
43 28 2054.64
43 29 1732.03
43 30 1535.01
43 31 1568.91
43 32 1486.35
43 33 1555.49
43 34 1438.74
43 35 1701.08
43 36 1088.42
43 37 1309.08
43 38 1490.53
43 39 1797.66
43 40 1825.13
43 41 1313.01
43 42 1884.2
43 44 1920.12
43 45 1209.17
43 46 1950.78
43 47 1867.65
43 48 1710.95
43 49 2067.84
43 50 2147.03
44 1 123.483
44 2 809.87
44 3 124.78
44 4 1464.2
44 5 1377.73
44 6 301.944
44 7 1241.52
44 8 945.884
44 9 618.612
44 10 1811.55
44 11 93.3435
44 12 1032.05
44 13 761.514
44 14 789.462
44 15 969.807
44 16 693.862
44 17 706.378
44 18 257.257
44 19 1230.83
44 20 1390.65
44 21 1580.69
44 22 1166.66
44 23 1235.04
44 24 1168.09
44 25 512.556
44 26 1088.15
44 27 446.947
44 28 382.833
44 29 1270.09
44 30 1325.78
44 31 968.033
44 32 526.286
44 33 1718.69
44 34 487.082
44 35 1033.09
44 36 836.092
44 37 1349.6
44 38 563.032
44 39 186.818
44 40 164.77
44 41 789.585
44 42 573.161
44 43 1920.12
44 45 999.05
44 46 130.782
44 47 331.122
44 48 1737.13
44 49 696.498
44 50 229.428
45 1 1122.4
45 2 1808.17
45 3 979.956
45 4 1445.14
45 5 960.54
45 6 1014.1
45 7 1294.37
45 8 1004.62
45 9 1411.03
45 10 2105.24
45 11 960.337
45 12 169.594
45 13 1223.64
45 14 989.746
45 15 531.806
45 16 1410.73
45 17 378.636
45 18 741.923
45 19 271.28
45 20 1524.28
45 21 1649.35
45 22 1672.28
45 23 1418.25
45 24 986.657
45 25 666.202
45 26 362.693
45 27 1238.18
45 28 956.046
45 29 1679.31
45 30 1596.43
45 31 369.395
45 32 889.567
45 33 1881.3
45 34 703.314
45 35 1497.11
45 36 477.636
45 37 1468.86
45 38 939.012
45 39 819.074
45 40 1000.05
45 41 968.476
45 42 718.337
45 43 1209.17
45 44 999.05
45 46 1094.74
45 47 790.395
45 48 1979.15
45 49 1511
45 50 1179.95
46 1 104.307
46 2 718.299
46 3 121.828
46 4 1415.26
46 5 1384.67
46 6 412.167
46 7 1191.96
46 8 914.864
46 9 493.406
46 10 1716.77
46 11 134.406
46 12 1140.35
46 13 680.153
46 14 751.517
46 15 1007.81
46 16 575.657
46 17 823.176
46 18 362.994
46 19 1314.1
46 20 1324.33
46 21 1516.98
46 22 1060.36
46 23 1167.95
46 24 1154.98
46 25 642.223
46 26 1207
46 27 329.912
46 28 502.897
46 29 1172.62
46 30 1243.92
46 31 1088.89
46 32 501.343
46 33 1640.33
46 34 513.249
46 35 936.09
46 36 881.336
46 37 1286.59
46 38 526.305
46 39 306.106
46 40 126.194
46 41 755.378
46 42 703.938
46 43 1950.78
46 44 130.782
46 45 1094.74
46 47 461.825
46 48 1649.23
46 49 567.892
46 50 258.699
47 1 426.298
47 2 1085.2
47 3 409.224
47 4 1617.65
47 5 1401.75
47 6 223.893
47 7 1403.08
47 8 1081.19
47 9 939.918
47 10 2060.9
47 11 368.164
47 12 778.607
47 13 1007.06
47 14 950.783
47 15 936.755
47 16 1003.29
47 17 436.555
47 18 219.784
47 19 1051.18
47 20 1584.42
47 21 1764.6
47 22 1447.47
47 23 1434.52
47 24 1250.12
47 25 186.526
47 26 796.144
47 27 760.263
47 28 187.619
47 29 1531.72
47 30 1554.15
47 31 671.126
47 32 693.577
47 33 1932.83
47 34 557.366
47 35 1298.2
47 36 795.88
47 37 1537.2
47 38 746.279
47 39 190.79
47 40 452.832
47 41 943.255
47 42 242.44
47 43 1867.65
47 44 331.122
47 45 790.395
47 46 461.825
47 48 1972.11
47 49 1022.86
47 50 419.129
48 1 1751.12
48 2 1894.85
48 3 1614.7
48 4 604.665
48 5 1217.62
48 6 2036.92
48 7 688.962
48 8 982.229
48 9 1249.87
48 10 145.523
48 11 1653.25
48 12 2137.14
48 13 976.027
48 14 1051
48 15 1458.33
48 16 1133.14
48 17 2035.67
48 18 1755.81
48 19 1967.15
48 20 457.359
48 21 395.885
48 22 648.562
48 23 567.313
48 24 1026.36
48 25 2076.85
48 26 2314.38
48 27 1339.88
48 28 2102.48
48 29 495.169
48 30 418.249
48 31 2258.73
48 32 1283.68
48 33 160.031
48 34 1456.36
48 35 720.342
48 36 1503.77
48 37 512.606
48 38 1228.32
48 39 1786.64
48 40 1572.57
48 41 1065.8
48 42 2170.75
48 43 1710.95
48 44 1737.13
48 45 1979.15
48 46 1649.23
48 47 1972.11
48 49 1250.18
48 50 1902.26
49 1 639.241
49 2 663.452
49 3 618.968
49 4 1222.34
49 5 1441.97
49 6 971.134
49 7 1022.82
49 8 883.589
49 9 100.18
49 10 1281.67
49 11 657.932
49 12 1599.24
49 13 480.139
49 14 737.201
49 15 1230.81
49 16 163.132
49 17 1324.55
49 18 874.769
49 19 1673.2
49 20 1056.5
49 21 1244.28
49 22 603.911
49 23 915.645
49 24 1155.91
49 25 1194.79
49 26 1703.87
49 27 279.866
49 28 1067.79
49 29 756.112
49 30 905.108
49 31 1596.47
49 32 650.594
49 33 1288.2
49 34 811.798
49 35 555.462
49 36 1148.47
49 37 1039.46
49 38 619.279
49 39 846.643
49 40 578.849
49 41 755.86
49 42 1264.9
49 43 2067.84
49 44 696.498
49 45 1511
49 46 567.892
49 47 1022.86
49 48 1250.18
49 50 758.493
50 1 154.392
50 2 668.186
50 3 338.587
50 4 1671.77
50 5 1606.99
50 6 249.57
50 7 1448.46
50 8 1163.79
50 9 703.957
50 10 1965.25
50 11 318.248
50 12 1189.24
50 13 937.595
50 14 1003.2
50 15 1196.1
50 16 802.588
50 17 849.73
50 18 452.305
50 19 1425.75
50 20 1583.02
50 21 1775.66
50 22 1299.85
50 23 1426.64
50 24 1393.56
50 25 600.454
50 26 1215.27
50 27 567.3
50 28 356.295
50 29 1420.37
50 30 1500.1
50 31 1090.21
50 32 745.252
50 33 1897.19
50 34 716.464
50 35 1185.25
50 36 1060.61
50 37 1545.23
50 38 776.408
50 39 368.266
50 40 366.565
50 41 1005.4
50 42 629.23
50 43 2147.03
50 44 229.428
50 45 1179.95
50 46 258.699
50 47 419.129
50 48 1902.26
50 49 758.493
